graph_file	vertices	edges	root_vertex
../../Datasets/Synthetic/tmp/Erdos-Renyi_directed_ef_8_v_9.edgelist	512	4096	193
shape	dim_x	dim_y	hx	hy	hdepth	hbandwidth_max	total_cells	total_compute_cells	total_sink_cells	total_chip_memory(bytes)	throttle	recv_buff_size
square	32	32	32	32	0	0	1024	1024	0	6451200	1	16
congestion_policy
constant_threshold	181
 total_cycles	total_objects_created	total_actions_created	total_actions_performed_work	total_actions_false_on_predicate
399	512	6550	817	5733
avg_objects_per_cc
0.5
avg_cells_active_percent
27.776
Cycle#	Cells_Active_Percent	Htree_Active_Percent
0	0.0976562	nan
1	0.195312	nan
2	0.292969	nan
3	0.390625	nan
4	0.488281	nan
5	0.585938	nan
6	0.683594	nan
7	0.78125	nan
8	0.878906	nan
9	0.976562	nan
10	1.07422	nan
11	1.17188	nan
12	1.26953	nan
13	1.36719	nan
14	1.66016	nan
15	1.85547	nan
16	2.05078	nan
17	2.34375	nan
18	2.63672	nan
19	2.92969	nan
20	3.22266	nan
21	3.61328	nan
22	4.39453	nan
23	4.98047	nan
24	5.66406	nan
25	6.05469	nan
26	7.03125	nan
27	7.42188	nan
28	7.91016	nan
29	8.69141	nan
30	9.27734	nan
31	9.47266	nan
32	10.2539	nan
33	11.3281	nan
34	12.207	nan
35	13.0859	nan
36	14.1602	nan
37	15.7227	nan
38	17.5781	nan
39	19.2383	nan
40	20.7031	nan
41	22.0703	nan
42	23.6328	nan
43	26.1719	nan
44	27.7344	nan
45	29.6875	nan
46	31.8359	nan
47	33.6914	nan
48	34.8633	nan
49	36.6211	nan
50	38.1836	nan
51	39.5508	nan
52	41.4062	nan
53	41.8945	nan
54	43.2617	nan
55	45.2148	nan
56	45.1172	nan
57	46.0938	nan
58	46.2891	nan
59	46.1914	nan
60	46.9727	nan
61	47.6562	nan
62	47.3633	nan
63	47.7539	nan
64	47.7539	nan
65	47.4609	nan
66	48.2422	nan
67	47.9492	nan
68	48.3398	nan
69	48.4375	nan
70	48.6328	nan
71	48.3398	nan
72	48.8281	nan
73	48.9258	nan
74	49.3164	nan
75	49.1211	nan
76	48.8281	nan
77	49.1211	nan
78	48.9258	nan
79	49.1211	nan
80	49.0234	nan
81	49.2188	nan
82	49.1211	nan
83	49.1211	nan
84	49.1211	nan
85	49.1211	nan
86	48.9258	nan
87	48.7305	nan
88	48.9258	nan
89	49.0234	nan
90	48.4375	nan
91	48.7305	nan
92	48.6328	nan
93	48.7305	nan
94	48.6328	nan
95	48.5352	nan
96	47.8516	nan
97	48.2422	nan
98	48.1445	nan
99	48.4375	nan
100	48.3398	nan
101	48.2422	nan
102	47.9492	nan
103	48.1445	nan
104	48.2422	nan
105	48.0469	nan
106	48.0469	nan
107	48.4375	nan
108	47.6562	nan
109	48.1445	nan
110	47.8516	nan
111	47.5586	nan
112	47.3633	nan
113	46.4844	nan
114	47.3633	nan
115	47.2656	nan
116	46.6797	nan
117	46.6797	nan
118	46.582	nan
119	46.7773	nan
120	46.6797	nan
121	46.9727	nan
122	47.0703	nan
123	47.0703	nan
124	46.6797	nan
125	46.7773	nan
126	46.4844	nan
127	45.9961	nan
128	46.6797	nan
129	46.7773	nan
130	46.6797	nan
131	46.582	nan
132	45.9961	nan
133	46.4844	nan
134	46.3867	nan
135	45.9961	nan
136	45.9961	nan
137	45.3125	nan
138	45.2148	nan
139	45.2148	nan
140	44.8242	nan
141	45.0195	nan
142	44.1406	nan
143	44.2383	nan
144	44.9219	nan
145	44.9219	nan
146	45.3125	nan
147	45.4102	nan
148	44.7266	nan
149	44.6289	nan
150	44.043	nan
151	44.2383	nan
152	43.8477	nan
153	44.2383	nan
154	44.3359	nan
155	43.9453	nan
156	43.3594	nan
157	43.75	nan
158	43.0664	nan
159	42.9688	nan
160	43.0664	nan
161	43.457	nan
162	43.6523	nan
163	43.457	nan
164	43.457	nan
165	43.6523	nan
166	43.8477	nan
167	43.0664	nan
168	43.3594	nan
169	43.1641	nan
170	43.1641	nan
171	43.0664	nan
172	42.6758	nan
173	42.1875	nan
174	42.2852	nan
175	42.4805	nan
176	42.5781	nan
177	41.9922	nan
178	41.8945	nan
179	41.9922	nan
180	42.2852	nan
181	42.1875	nan
182	42.1875	nan
183	41.8945	nan
184	41.5039	nan
185	41.5039	nan
186	41.5039	nan
187	42.3828	nan
188	41.5039	nan
189	41.9922	nan
190	42.7734	nan
191	41.7969	nan
192	41.1133	nan
193	41.2109	nan
194	41.1133	nan
195	40.8203	nan
196	40.8203	nan
197	41.6992	nan
198	41.4062	nan
199	41.5039	nan
200	41.2109	nan
201	42.3828	nan
202	41.3086	nan
203	40.918	nan
204	41.1133	nan
205	41.4062	nan
206	41.3086	nan
207	41.4062	nan
208	41.5039	nan
209	41.6992	nan
210	41.2109	nan
211	40.7227	nan
212	40.332	nan
213	41.0156	nan
214	40.1367	nan
215	40.625	nan
216	41.0156	nan
217	40.8203	nan
218	41.6016	nan
219	41.5039	nan
220	41.1133	nan
221	41.5039	nan
222	41.1133	nan
223	41.6016	nan
224	40.625	nan
225	40.1367	nan
226	39.7461	nan
227	38.9648	nan
228	40.4297	nan
229	40.0391	nan
230	40.5273	nan
231	39.3555	nan
232	39.6484	nan
233	39.2578	nan
234	39.9414	nan
235	38.9648	nan
236	39.4531	nan
237	39.1602	nan
238	38.3789	nan
239	37.6953	nan
240	37.5977	nan
241	38.3789	nan
242	37.9883	nan
243	37.9883	nan
244	37.8906	nan
245	38.7695	nan
246	39.2578	nan
247	37.793	nan
248	36.9141	nan
249	37.3047	nan
250	36.9141	nan
251	37.9883	nan
252	36.0352	nan
253	35.8398	nan
254	36.1328	nan
255	36.0352	nan
256	35.7422	nan
257	36.4258	nan
258	37.4023	nan
259	35.4492	nan
260	35.7422	nan
261	35.7422	nan
262	34.668	nan
263	35.1562	nan
264	34.1797	nan
265	34.082	nan
266	33.5938	nan
267	33.6914	nan
268	33.4961	nan
269	32.5195	nan
270	32.2266	nan
271	31.1523	nan
272	31.0547	nan
273	31.4453	nan
274	30.8594	nan
275	30.3711	nan
276	29.7852	nan
277	28.5156	nan
278	27.7344	nan
279	27.6367	nan
280	25.9766	nan
281	26.0742	nan
282	24.707	nan
283	23.4375	nan
284	24.4141	nan
285	23.6328	nan
286	22.0703	nan
287	21.1914	nan
288	21.2891	nan
289	20.8008	nan
290	20.2148	nan
291	19.1406	nan
292	19.2383	nan
293	18.2617	nan
294	18.1641	nan
295	17.5781	nan
296	17.1875	nan
297	16.4062	nan
298	15.918	nan
299	15.332	nan
300	15.7227	nan
301	14.1602	nan
302	14.4531	nan
303	13.4766	nan
304	12.4023	nan
305	11.8164	nan
306	11.0352	nan
307	10.8398	nan
308	9.96094	nan
309	9.27734	nan
310	9.17969	nan
311	8.30078	nan
312	8.30078	nan
313	7.42188	nan
314	7.22656	nan
315	7.12891	nan
316	7.22656	nan
317	6.54297	nan
318	6.64062	nan
319	6.34766	nan
320	5.95703	nan
321	6.25	nan
322	5.85938	nan
323	5.85938	nan
324	5.66406	nan
325	5.37109	nan
326	4.6875	nan
327	4.29688	nan
328	4.10156	nan
329	4.00391	nan
330	3.80859	nan
331	3.51562	nan
332	3.32031	nan
333	3.32031	nan
334	3.22266	nan
335	3.32031	nan
336	2.92969	nan
337	2.83203	nan
338	2.83203	nan
339	2.83203	nan
340	2.53906	nan
341	2.34375	nan
342	2.44141	nan
343	2.24609	nan
344	2.24609	nan
345	2.14844	nan
346	2.05078	nan
347	1.85547	nan
348	1.75781	nan
349	1.66016	nan
350	1.75781	nan
351	1.5625	nan
352	1.17188	nan
353	1.07422	nan
354	1.07422	nan
355	0.976562	nan
356	0.976562	nan
357	0.976562	nan
358	0.976562	nan
359	0.976562	nan
360	0.878906	nan
361	0.878906	nan
362	0.878906	nan
363	0.878906	nan
364	0.878906	nan
365	0.878906	nan
366	0.878906	nan
367	0.78125	nan
368	0.78125	nan
369	0.78125	nan
370	0.78125	nan
371	0.78125	nan
372	0.683594	nan
373	0.585938	nan
374	0.585938	nan
375	0.585938	nan
376	0.390625	nan
377	0.292969	nan
378	0.195312	nan
379	0.195312	nan
380	0.0976562	nan
381	0.0976562	nan
382	0.0976562	nan
383	0.0976562	nan
384	0.0976562	nan
385	0.0976562	nan
386	0.0976562	nan
387	0.0976562	nan
388	0.0976562	nan
389	0.0976562	nan
390	0.0976562	nan
391	0.0976562	nan
392	0.0976562	nan
393	0.0976562	nan
394	0.0976562	nan
395	0.0976562	nan
396	0.0976562	nan
397	0.0976562	nan
398	0	nan
cc_id	cc_type	cc_coordinate_x	cc_coordinate_y	objects_allocated	actions_created	actions_acknowledgement_created	actions_pushed	actions_invoked	actions_performed_work	actions_acknoledgement_invoked	actions_false_on_predicate	left_send_contention_max	left_send_contention_total	up_send_contention_max	up_send_contention_total	right_send_contention_max	right_send_contention_total	down_send_contention_max	down_send_contention_total
0	ComputeCell	0	0	1	8	14	22	22	1	8	13	0	0	0	0	0	0	0	0
1	ComputeCell	1	0	1	20	17	37	37	2	20	15	0	0	0	0	0	0	0	0
2	ComputeCell	2	0	1	12	10	22	22	2	12	8	0	0	0	0	0	0	0	0
3	ComputeCell	3	0	1	22	5	27	27	2	22	3	0	0	0	0	2	3	0	0
4	ComputeCell	4	0	1	24	14	38	38	2	24	12	0	0	0	0	0	0	0	0
5	ComputeCell	5	0	1	9	8	17	17	1	9	7	0	0	0	0	0	0	0	0
6	ComputeCell	6	0	1	10	12	22	22	1	10	11	0	0	0	0	3	3	0	0
7	ComputeCell	7	0	1	10	27	37	37	1	10	26	0	0	0	0	1	1	0	0
8	ComputeCell	8	0	1	15	12	27	27	3	15	9	0	0	0	0	0	0	0	0
9	ComputeCell	9	0	1	12	16	28	28	1	12	15	0	0	0	0	0	0	0	0
10	ComputeCell	10	0	1	4	10	14	14	1	4	9	0	0	0	0	0	0	0	0
11	ComputeCell	11	0	1	16	12	28	28	2	16	10	0	0	0	0	0	0	0	0
12	ComputeCell	12	0	1	2	11	13	13	1	2	10	0	0	0	0	0	0	0	0
13	ComputeCell	13	0	1	6	8	14	14	1	6	7	0	0	0	0	0	0	0	0
14	ComputeCell	14	0	1	27	17	44	44	3	27	14	0	0	0	0	0	0	0	0
15	ComputeCell	15	0	1	20	12	32	32	2	20	10	1	2	0	0	0	0	0	0
16	ComputeCell	16	0	1	14	7	21	21	2	14	5	0	0	0	0	0	0	0	0
17	ComputeCell	17	0	1	14	16	30	30	2	14	14	0	0	0	0	0	0	0	0
18	ComputeCell	18	0	1	7	11	18	18	1	7	10	1	3	0	0	0	0	0	0
19	ComputeCell	19	0	1	6	12	18	18	1	6	11	0	0	0	0	0	0	0	0
20	ComputeCell	20	0	1	14	16	30	30	2	14	14	0	0	0	0	0	0	0	0
21	ComputeCell	21	0	1	18	15	33	33	3	18	12	0	0	0	0	0	0	0	0
22	ComputeCell	22	0	1	16	20	36	36	2	16	18	1	2	0	0	0	0	0	0
23	ComputeCell	23	0	1	20	6	26	26	2	20	4	1	5	0	0	0	0	0	0
24	ComputeCell	24	0	1	36	13	49	49	4	36	9	0	0	0	0	0	0	0	0
25	ComputeCell	25	0	1	3	10	13	13	1	3	9	0	0	0	0	0	0	0	0
26	ComputeCell	26	0	1	12	12	24	24	1	12	11	0	0	0	0	0	0	0	0
27	ComputeCell	27	0	1	14	11	25	25	2	14	9	0	0	0	0	0	0	0	0
28	ComputeCell	28	0	1	8	17	25	25	1	8	16	0	0	0	0	0	0	0	0
29	ComputeCell	29	0	1	10	24	34	34	1	10	23	0	0	0	0	0	0	0	0
30	ComputeCell	30	0	1	7	15	22	22	1	7	14	0	0	0	0	0	0	0	0
31	ComputeCell	31	0	1	10	8	18	18	2	10	6	0	0	0	0	0	0	0	0
32	ComputeCell	0	1	1	13	16	29	29	1	13	15	0	0	0	0	0	0	0	0
33	ComputeCell	1	1	1	8	19	27	27	1	8	18	0	0	0	0	0	0	0	0
34	ComputeCell	2	1	1	22	8	30	30	2	22	6	0	0	0	0	0	0	0	0
35	ComputeCell	3	1	1	20	4	24	24	2	20	2	0	0	0	0	0	0	0	0
36	ComputeCell	4	1	1	12	12	24	24	2	12	10	0	0	0	0	1	3	0	0
37	ComputeCell	5	1	1	16	14	30	30	2	16	12	0	0	0	0	0	0	0	0
38	ComputeCell	6	1	1	10	22	32	32	1	10	21	0	0	0	0	0	0	0	0
39	ComputeCell	7	1	1	20	12	32	32	2	20	10	0	0	0	0	2	8	0	0
40	ComputeCell	8	1	1	30	13	43	43	3	30	10	0	0	0	0	0	0	0	0
41	ComputeCell	9	1	1	5	5	10	10	1	5	4	0	0	0	0	5	8	0	0
42	ComputeCell	10	1	1	28	7	35	35	2	28	5	0	0	0	0	0	0	0	0
43	ComputeCell	11	1	1	7	4	11	11	1	7	3	0	0	0	0	0	0	0	0
44	ComputeCell	12	1	1	8	15	23	23	1	8	14	0	0	0	0	0	0	0	0
45	ComputeCell	13	1	1	26	13	39	39	2	26	11	0	0	0	0	0	0	0	0
46	ComputeCell	14	1	1	24	3	27	27	2	24	1	0	0	0	0	0	0	0	0
47	ComputeCell	15	1	1	24	8	32	32	3	24	5	0	0	0	0	0	0	0	0
48	ComputeCell	16	1	1	9	9	18	18	1	9	8	0	0	0	0	0	0	0	0
49	ComputeCell	17	1	1	7	7	14	14	1	7	6	0	0	0	0	0	0	0	0
50	ComputeCell	18	1	1	14	9	23	23	2	14	7	0	0	0	0	0	0	0	0
51	ComputeCell	19	1	1	4	20	24	24	1	4	19	3	5	0	0	0	0	0	0
52	ComputeCell	20	1	1	11	17	28	28	1	11	16	0	0	0	0	0	0	0	0
53	ComputeCell	21	1	1	10	11	21	21	1	10	10	0	0	0	0	0	0	0	0
54	ComputeCell	22	1	1	16	10	26	26	2	16	8	0	0	0	0	0	0	0	0
55	ComputeCell	23	1	1	6	19	25	25	1	6	18	0	0	0	0	0	0	0	0
56	ComputeCell	24	1	1	10	15	25	25	2	10	13	0	0	0	0	0	0	0	0
57	ComputeCell	25	1	1	12	17	29	29	2	12	15	0	0	0	0	0	0	0	0
58	ComputeCell	26	1	1	20	8	28	28	2	20	6	0	0	0	0	0	0	0	0
59	ComputeCell	27	1	1	10	11	21	21	2	10	9	1	2	0	0	0	0	0	0
60	ComputeCell	28	1	1	7	17	24	24	1	7	16	0	0	0	0	0	0	0	0
61	ComputeCell	29	1	1	21	11	32	32	3	21	8	0	0	0	0	0	0	0	0
62	ComputeCell	30	1	1	6	13	19	19	2	6	11	0	0	0	0	0	0	0	0
63	ComputeCell	31	1	1	4	13	17	17	2	4	11	0	0	0	0	0	0	0	0
64	ComputeCell	0	2	1	10	18	28	28	2	10	16	0	0	0	0	0	0	0	0
65	ComputeCell	1	2	1	10	10	20	20	2	10	8	0	0	0	0	0	0	0	0
66	ComputeCell	2	2	1	27	15	42	42	3	27	12	0	0	0	0	0	0	0	0
67	ComputeCell	3	2	1	14	14	28	28	2	14	12	0	0	0	0	0	0	0	0
68	ComputeCell	4	2	1	12	15	27	27	2	12	13	0	0	0	0	1	1	0	0
69	ComputeCell	5	2	1	4	13	17	17	1	4	12	0	0	0	0	6	24	0	0
70	ComputeCell	6	2	1	42	10	52	52	3	42	7	0	0	0	0	0	0	0	0
71	ComputeCell	7	2	1	4	20	24	24	1	4	19	0	0	0	0	0	0	0	0
72	ComputeCell	8	2	1	13	8	21	21	1	13	7	0	0	0	0	0	0	0	0
73	ComputeCell	9	2	1	9	13	22	22	1	9	12	0	0	0	0	0	0	0	0
74	ComputeCell	10	2	1	6	12	18	18	1	6	11	0	0	0	0	0	0	0	0
75	ComputeCell	11	2	1	18	17	35	35	2	18	15	0	0	0	0	0	0	0	0
76	ComputeCell	12	2	1	6	11	17	17	1	6	10	0	0	0	0	0	0	0	0
77	ComputeCell	13	2	1	9	6	15	15	1	9	5	0	0	0	0	0	0	0	0
78	ComputeCell	14	2	1	12	14	26	26	2	12	12	0	0	0	0	0	0	0	0
79	ComputeCell	15	2	1	6	12	18	18	1	6	11	0	0	0	0	0	0	0	0
80	ComputeCell	16	2	1	20	12	32	32	2	20	10	0	0	0	0	0	0	0	0
81	ComputeCell	17	2	1	12	12	24	24	1	12	11	0	0	0	0	0	0	0	0
82	ComputeCell	18	2	1	13	20	33	33	1	13	19	0	0	0	0	0	0	0	0
83	ComputeCell	19	2	1	16	17	33	33	2	16	15	0	0	0	0	0	0	0	0
84	ComputeCell	20	2	1	11	7	18	18	1	11	6	0	0	0	0	0	0	0	0
85	ComputeCell	21	2	1	34	9	43	43	2	34	7	0	0	0	0	0	0	0	0
86	ComputeCell	22	2	1	15	11	26	26	3	15	8	4	9	0	0	0	0	0	0
87	ComputeCell	23	2	1	5	13	18	18	1	5	12	0	0	0	0	0	0	0	0
88	ComputeCell	24	2	1	7	13	20	20	1	7	12	0	0	0	0	0	0	0	0
89	ComputeCell	25	2	1	18	9	27	27	2	18	7	0	0	0	0	0	0	0	0
90	ComputeCell	26	2	1	7	9	16	16	1	7	8	0	0	0	0	0	0	0	0
91	ComputeCell	27	2	1	10	23	33	33	2	10	21	0	0	0	0	0	0	0	0
92	ComputeCell	28	2	1	7	6	13	13	1	7	5	0	0	0	0	0	0	0	0
93	ComputeCell	29	2	1	5	14	19	19	1	5	13	0	0	0	0	0	0	0	0
94	ComputeCell	30	2	1	9	10	19	19	1	9	9	0	0	0	0	0	0	0	0
95	ComputeCell	31	2	1	6	12	18	18	1	6	11	0	0	0	0	0	0	0	0
96	ComputeCell	0	3	1	21	12	33	33	3	21	9	0	0	0	0	0	0	0	0
97	ComputeCell	1	3	1	5	4	9	9	1	5	3	0	0	0	0	0	0	0	0
98	ComputeCell	2	3	1	32	10	42	42	2	32	8	0	0	0	0	0	0	0	0
99	ComputeCell	3	3	1	18	18	36	36	2	18	16	0	0	0	0	0	0	0	0
100	ComputeCell	4	3	1	10	8	18	18	2	10	6	0	0	0	0	1	4	0	0
101	ComputeCell	5	3	1	18	8	26	26	3	18	5	0	0	0	0	2	7	0	0
102	ComputeCell	6	3	1	20	22	42	42	2	20	20	0	0	0	0	0	0	0	0
103	ComputeCell	7	3	1	11	9	20	20	1	11	8	0	0	0	0	0	0	0	0
104	ComputeCell	8	3	1	8	2	10	10	1	8	1	0	0	0	0	2	2	0	0
105	ComputeCell	9	3	1	30	7	37	37	2	30	5	0	0	0	0	1	3	0	0
106	ComputeCell	10	3	1	22	12	34	34	2	22	10	0	0	0	0	0	0	0	0
107	ComputeCell	11	3	1	21	7	28	28	3	21	4	0	0	0	0	0	0	0	0
108	ComputeCell	12	3	1	3	12	15	15	1	3	11	0	0	0	0	0	0	0	0
109	ComputeCell	13	3	1	14	10	24	24	2	14	8	0	0	0	0	0	0	0	0
110	ComputeCell	14	3	1	14	14	28	28	2	14	12	0	0	0	0	0	0	0	0
111	ComputeCell	15	3	1	5	20	25	25	1	5	19	0	0	0	0	0	0	0	0
112	ComputeCell	16	3	1	14	9	23	23	2	14	7	0	0	0	0	0	0	0	0
113	ComputeCell	17	3	1	8	10	18	18	1	8	9	0	0	0	0	0	0	0	0
114	ComputeCell	18	3	1	5	10	15	15	1	5	9	0	0	0	0	0	0	0	0
115	ComputeCell	19	3	1	24	12	36	36	3	24	9	0	0	0	0	0	0	0	0
116	ComputeCell	20	3	1	18	18	36	36	2	18	16	1	5	0	0	0	0	0	0
117	ComputeCell	21	3	1	9	17	26	26	1	9	16	0	0	0	0	0	0	0	0
118	ComputeCell	22	3	1	14	18	32	32	2	14	16	0	0	0	0	0	0	0	0
119	ComputeCell	23	3	1	11	13	24	24	1	11	12	0	0	0	0	0	0	0	0
120	ComputeCell	24	3	1	7	19	26	26	1	7	18	0	0	0	0	0	0	0	0
121	ComputeCell	25	3	1	10	9	19	19	1	10	8	0	0	0	0	0	0	0	0
122	ComputeCell	26	3	1	3	3	6	6	1	3	2	0	0	0	0	0	0	0	0
123	ComputeCell	27	3	1	7	20	27	27	1	7	19	0	0	0	0	0	0	0	0
124	ComputeCell	28	3	1	18	8	26	26	2	18	6	0	0	0	0	0	0	0	0
125	ComputeCell	29	3	1	14	9	23	23	2	14	7	0	0	0	0	0	0	0	0
126	ComputeCell	30	3	1	12	21	33	33	2	12	19	0	0	0	0	0	0	0	0
127	ComputeCell	31	3	1	18	11	29	29	2	18	9	0	0	0	0	0	0	0	0
128	ComputeCell	0	4	1	12	8	20	20	2	12	6	0	0	0	0	0	0	0	0
129	ComputeCell	1	4	1	12	10	22	22	1	12	9	0	0	0	0	0	0	0	0
130	ComputeCell	2	4	1	8	14	22	22	1	8	13	0	0	0	0	0	0	0	0
131	ComputeCell	3	4	1	8	7	15	15	1	8	6	0	0	0	0	0	0	0	0
132	ComputeCell	4	4	1	30	16	46	46	3	30	13	0	0	0	0	9	11	0	0
133	ComputeCell	5	4	1	24	9	33	33	3	24	6	0	0	0	0	0	0	0	0
134	ComputeCell	6	4	1	10	11	21	21	1	10	10	0	0	0	0	0	0	0	0
135	ComputeCell	7	4	1	8	11	19	19	2	8	9	0	0	0	0	0	0	0	0
136	ComputeCell	8	4	1	15	20	35	35	1	15	19	0	0	0	0	0	0	0	0
137	ComputeCell	9	4	1	18	16	34	34	2	18	14	0	0	0	0	0	0	0	0
138	ComputeCell	10	4	1	9	13	22	22	1	9	12	0	0	0	0	0	0	0	0
139	ComputeCell	11	4	1	1	9	10	10	1	1	8	0	0	0	0	0	0	0	0
140	ComputeCell	12	4	1	22	12	34	34	2	22	10	0	0	0	0	0	0	0	0
141	ComputeCell	13	4	1	6	9	15	15	1	6	8	0	0	0	0	0	0	0	0
142	ComputeCell	14	4	1	14	15	29	29	2	14	13	0	0	0	0	0	0	0	0
143	ComputeCell	15	4	1	14	10	24	24	2	14	8	0	0	0	0	0	0	0	0
144	ComputeCell	16	4	1	14	25	39	39	2	14	23	0	0	0	0	0	0	0	0
145	ComputeCell	17	4	1	12	8	20	20	3	12	5	0	0	0	0	0	0	0	0
146	ComputeCell	18	4	1	12	5	17	17	2	12	3	0	0	0	0	0	0	0	0
147	ComputeCell	19	4	1	10	6	16	16	1	10	5	0	0	0	0	0	0	0	0
148	ComputeCell	20	4	1	21	9	30	30	3	21	6	0	0	0	0	0	0	0	0
149	ComputeCell	21	4	1	24	6	30	30	3	24	3	0	0	0	0	0	0	0	0
150	ComputeCell	22	4	1	8	19	27	27	1	8	18	2	2	0	0	0	0	0	0
151	ComputeCell	23	4	1	8	15	23	23	1	8	14	0	0	0	0	0	0	0	0
152	ComputeCell	24	4	1	10	20	30	30	1	10	19	0	0	0	0	0	0	0	0
153	ComputeCell	25	4	1	7	14	21	21	1	7	13	0	0	0	0	0	0	0	0
154	ComputeCell	26	4	1	16	18	34	34	2	16	16	0	0	0	0	0	0	0	0
155	ComputeCell	27	4	1	14	9	23	23	2	14	7	0	0	0	0	0	0	0	0
156	ComputeCell	28	4	1	11	12	23	23	1	11	11	0	0	0	0	0	0	0	0
157	ComputeCell	29	4	1	4	17	21	21	1	4	16	0	0	0	0	0	0	0	0
158	ComputeCell	30	4	1	6	19	25	25	1	6	18	0	0	0	0	0	0	0	0
159	ComputeCell	31	4	1	8	8	16	16	1	8	7	0	0	0	0	0	0	0	0
160	ComputeCell	0	5	1	36	13	49	49	3	36	10	0	0	0	0	0	0	0	0
161	ComputeCell	1	5	1	18	15	33	33	3	18	12	0	0	0	0	0	0	0	0
162	ComputeCell	2	5	1	11	11	22	22	1	11	10	0	0	0	0	0	0	0	0
163	ComputeCell	3	5	1	7	19	26	26	1	7	18	0	0	0	0	0	0	0	0
164	ComputeCell	4	5	1	20	9	29	29	2	20	7	0	0	0	0	0	0	0	0
165	ComputeCell	5	5	1	8	21	29	29	1	8	20	0	0	0	0	1	4	0	0
166	ComputeCell	6	5	1	22	14	36	36	2	22	12	0	0	0	0	0	0	0	0
167	ComputeCell	7	5	1	5	11	16	16	1	5	10	0	0	0	0	0	0	0	0
168	ComputeCell	8	5	1	6	16	22	22	1	6	15	0	0	0	0	1	1	0	0
169	ComputeCell	9	5	1	26	9	35	35	2	26	7	0	0	0	0	0	0	0	0
170	ComputeCell	10	5	1	24	9	33	33	2	24	7	0	0	0	0	0	0	0	0
171	ComputeCell	11	5	1	13	9	22	22	1	13	8	0	0	0	0	0	0	0	0
172	ComputeCell	12	5	1	7	11	18	18	1	7	10	0	0	0	0	0	0	0	0
173	ComputeCell	13	5	1	18	9	27	27	2	18	7	0	0	0	0	0	0	0	0
174	ComputeCell	14	5	1	10	11	21	21	2	10	9	0	0	0	0	0	0	0	0
175	ComputeCell	15	5	1	7	5	12	12	1	7	4	0	0	0	0	0	0	0	0
176	ComputeCell	16	5	1	10	12	22	22	1	10	11	0	0	0	0	0	0	0	0
177	ComputeCell	17	5	1	10	13	23	23	1	10	12	0	0	0	0	0	0	0	0
178	ComputeCell	18	5	1	8	9	17	17	1	8	8	0	0	0	0	0	0	0	0
179	ComputeCell	19	5	1	14	7	21	21	1	14	6	0	0	0	0	0	0	0	0
180	ComputeCell	20	5	1	22	9	31	31	2	22	7	0	0	0	0	0	0	0	0
181	ComputeCell	21	5	1	7	13	20	20	1	7	12	0	0	0	0	0	0	0	0
182	ComputeCell	22	5	1	33	14	47	47	3	33	11	0	0	0	0	0	0	0	0
183	ComputeCell	23	5	1	11	12	23	23	1	11	11	3	6	0	0	0	0	0	0
184	ComputeCell	24	5	1	16	12	28	28	2	16	10	0	0	0	0	0	0	0	0
185	ComputeCell	25	5	1	10	13	23	23	1	10	12	0	0	0	0	0	0	0	0
186	ComputeCell	26	5	1	4	21	25	25	1	4	20	0	0	0	0	0	0	0	0
187	ComputeCell	27	5	1	7	14	21	21	1	7	13	0	0	0	0	0	0	0	0
188	ComputeCell	28	5	1	18	6	24	24	2	18	4	0	0	0	0	0	0	0	0
189	ComputeCell	29	5	1	28	19	47	47	2	28	17	4	6	0	0	0	0	0	0
190	ComputeCell	30	5	1	12	18	30	30	2	12	16	0	0	0	0	0	0	0	0
191	ComputeCell	31	5	1	24	8	32	32	3	24	5	0	0	0	0	0	0	0	0
192	ComputeCell	0	6	1	12	21	33	33	1	12	20	0	0	0	0	0	0	0	0
193	ComputeCell	1	6	1	19	15	34	34	1	19	14	0	0	0	0	0	0	0	0
194	ComputeCell	2	6	1	12	16	28	28	3	12	13	0	0	0	0	0	0	0	0
195	ComputeCell	3	6	1	24	9	33	33	3	24	6	0	0	0	0	0	0	0	0
196	ComputeCell	4	6	1	10	10	20	20	1	10	9	0	0	0	0	0	0	0	0
197	ComputeCell	5	6	1	7	6	13	13	1	7	5	0	0	0	0	2	2	0	0
198	ComputeCell	6	6	1	21	10	31	31	3	21	7	0	0	0	0	0	0	0	0
199	ComputeCell	7	6	1	12	14	26	26	2	12	12	0	0	0	0	0	0	0	0
200	ComputeCell	8	6	1	8	8	16	16	2	8	6	0	0	0	0	0	0	0	0
201	ComputeCell	9	6	1	8	12	20	20	1	8	11	0	0	0	0	0	0	0	0
202	ComputeCell	10	6	1	9	5	14	14	1	9	4	0	0	0	0	0	0	0	0
203	ComputeCell	11	6	1	15	16	31	31	1	15	15	0	0	0	0	0	0	0	0
204	ComputeCell	12	6	1	4	12	16	16	2	4	10	0	0	0	0	0	0	0	0
205	ComputeCell	13	6	1	10	5	15	15	1	10	4	0	0	0	0	0	0	0	0
206	ComputeCell	14	6	1	7	8	15	15	1	7	7	0	0	0	0	0	0	0	0
207	ComputeCell	15	6	1	20	13	33	33	2	20	11	0	0	0	0	0	0	0	0
208	ComputeCell	16	6	1	6	9	15	15	1	6	8	0	0	0	0	0	0	0	0
209	ComputeCell	17	6	1	6	8	14	14	1	6	7	0	0	0	0	0	0	0	0
210	ComputeCell	18	6	1	3	15	18	18	1	3	14	0	0	0	0	0	0	0	0
211	ComputeCell	19	6	1	30	20	50	50	3	30	17	0	0	0	0	0	0	0	0
212	ComputeCell	20	6	1	8	9	17	17	2	8	7	0	0	0	0	0	0	0	0
213	ComputeCell	21	6	1	9	10	19	19	1	9	9	0	0	0	0	0	0	0	0
214	ComputeCell	22	6	1	22	8	30	30	2	22	6	0	0	0	0	0	0	0	0
215	ComputeCell	23	6	1	9	29	38	38	1	9	28	0	0	0	0	0	0	0	0
216	ComputeCell	24	6	1	20	16	36	36	2	20	14	0	0	0	0	0	0	0	0
217	ComputeCell	25	6	1	5	15	20	20	1	5	14	0	0	0	0	0	0	0	0
218	ComputeCell	26	6	1	8	25	33	33	1	8	24	0	0	0	0	0	0	0	0
219	ComputeCell	27	6	1	30	22	52	52	3	30	19	0	0	0	0	0	0	0	0
220	ComputeCell	28	6	1	5	17	22	22	1	5	16	9	13	0	0	0	0	0	0
221	ComputeCell	29	6	1	20	12	32	32	2	20	10	0	0	0	0	0	0	0	0
222	ComputeCell	30	6	1	6	11	17	17	1	6	10	0	0	0	0	0	0	0	0
223	ComputeCell	31	6	1	7	2	9	9	1	7	1	0	0	0	0	0	0	0	0
224	ComputeCell	0	7	1	10	12	22	22	1	10	11	0	0	0	0	0	0	0	0
225	ComputeCell	1	7	1	7	16	23	23	1	7	15	0	0	0	0	0	0	0	0
226	ComputeCell	2	7	1	26	9	35	35	2	26	7	0	0	0	0	0	0	0	0
227	ComputeCell	3	7	1	12	14	26	26	1	12	13	0	0	0	0	4	7	0	0
228	ComputeCell	4	7	1	20	18	38	38	2	20	16	0	0	0	0	0	0	0	0
229	ComputeCell	5	7	1	5	11	16	16	1	5	10	0	0	0	0	0	0	0	0
230	ComputeCell	6	7	1	12	16	28	28	2	12	14	0	0	0	0	0	0	0	0
231	ComputeCell	7	7	1	8	13	21	21	2	8	11	0	0	0	0	0	0	0	0
232	ComputeCell	8	7	1	9	9	18	18	1	9	8	0	0	0	0	5	11	0	0
233	ComputeCell	9	7	1	28	13	41	41	2	28	11	0	0	0	0	0	0	0	0
234	ComputeCell	10	7	1	10	4	14	14	1	10	3	0	0	0	0	0	0	0	0
235	ComputeCell	11	7	1	9	11	20	20	1	9	10	0	0	0	0	0	0	0	0
236	ComputeCell	12	7	1	10	4	14	14	1	10	3	0	0	0	0	0	0	0	0
237	ComputeCell	13	7	1	6	9	15	15	2	6	7	0	0	0	0	0	0	0	0
238	ComputeCell	14	7	1	15	17	32	32	3	15	14	0	0	0	0	0	0	0	0
239	ComputeCell	15	7	1	10	10	20	20	1	10	9	0	0	0	0	0	0	0	0
240	ComputeCell	16	7	1	14	15	29	29	2	14	13	0	0	0	0	0	0	0	0
241	ComputeCell	17	7	1	22	4	26	26	2	22	2	0	0	0	0	0	0	0	0
242	ComputeCell	18	7	1	9	12	21	21	1	9	11	0	0	0	0	0	0	0	0
243	ComputeCell	19	7	1	7	21	28	28	1	7	20	0	0	0	0	0	0	0	0
244	ComputeCell	20	7	1	21	18	39	39	3	21	15	0	0	0	0	0	0	0	0
245	ComputeCell	21	7	1	18	19	37	37	2	18	17	1	2	0	0	0	0	0	0
246	ComputeCell	22	7	1	7	13	20	20	1	7	12	0	0	0	0	0	0	0	0
247	ComputeCell	23	7	1	7	7	14	14	1	7	6	0	0	0	0	0	0	0	0
248	ComputeCell	24	7	1	15	19	34	34	3	15	16	0	0	0	0	0	0	0	0
249	ComputeCell	25	7	1	8	7	15	15	1	8	6	0	0	0	0	0	0	0	0
250	ComputeCell	26	7	1	16	17	33	33	1	16	16	0	0	0	0	0	0	0	0
251	ComputeCell	27	7	1	8	14	22	22	1	8	13	1	4	0	0	0	0	0	0
252	ComputeCell	28	7	1	16	22	38	38	2	16	20	0	0	0	0	0	0	0	0
253	ComputeCell	29	7	1	14	7	21	21	2	14	5	1	3	0	0	0	0	0	0
254	ComputeCell	30	7	1	9	6	15	15	1	9	5	2	3	0	0	0	0	0	0
255	ComputeCell	31	7	1	26	21	47	47	2	26	19	0	0	0	0	0	0	0	0
256	ComputeCell	0	8	1	10	19	29	29	2	10	17	0	0	0	0	0	0	0	0
257	ComputeCell	1	8	1	27	16	43	43	3	27	13	0	0	0	0	0	0	0	0
258	ComputeCell	2	8	1	11	17	28	28	1	11	16	0	0	0	0	0	0	0	0
259	ComputeCell	3	8	1	7	14	21	21	1	7	13	0	0	0	0	12	19	0	0
260	ComputeCell	4	8	1	30	11	41	41	2	30	9	0	0	0	0	2	6	0	0
261	ComputeCell	5	8	1	27	9	36	36	3	27	6	0	0	0	0	0	0	0	0
262	ComputeCell	6	8	1	12	10	22	22	2	12	8	0	0	0	0	0	0	0	0
263	ComputeCell	7	8	1	3	11	14	14	3	3	8	0	0	0	0	1	4	0	0
264	ComputeCell	8	8	1	18	6	24	24	2	18	4	0	0	0	0	0	0	0	0
265	ComputeCell	9	8	1	10	20	30	30	1	10	19	0	0	0	0	0	0	0	0
266	ComputeCell	10	8	1	6	19	25	25	1	6	18	0	0	0	0	0	0	0	0
267	ComputeCell	11	8	1	16	9	25	25	2	16	7	0	0	0	0	0	0	0	0
268	ComputeCell	12	8	1	9	17	26	26	3	9	14	0	0	0	0	0	0	0	0
269	ComputeCell	13	8	1	6	8	14	14	1	6	7	0	0	0	0	0	0	0	0
270	ComputeCell	14	8	1	11	17	28	28	1	11	16	0	0	0	0	0	0	0	0
271	ComputeCell	15	8	1	5	9	14	14	1	5	8	0	0	0	0	0	0	0	0
272	ComputeCell	16	8	1	6	17	23	23	1	6	16	0	0	0	0	0	0	0	0
273	ComputeCell	17	8	1	16	15	31	31	2	16	13	0	0	0	0	0	0	0	0
274	ComputeCell	18	8	1	7	5	12	12	1	7	4	0	0	0	0	0	0	0	0
275	ComputeCell	19	8	1	11	14	25	25	1	11	13	0	0	0	0	0	0	0	0
276	ComputeCell	20	8	1	7	14	21	21	1	7	13	0	0	0	0	0	0	0	0
277	ComputeCell	21	8	1	8	9	17	17	1	8	8	0	0	0	0	0	0	0	0
278	ComputeCell	22	8	1	6	18	24	24	1	6	17	0	0	0	0	0	0	0	0
279	ComputeCell	23	8	1	11	9	20	20	1	11	8	0	0	0	0	0	0	0	0
280	ComputeCell	24	8	1	18	13	31	31	2	18	11	0	0	0	0	0	0	0	0
281	ComputeCell	25	8	1	4	14	18	18	1	4	13	1	1	0	0	0	0	0	0
282	ComputeCell	26	8	1	22	14	36	36	2	22	12	0	0	0	0	0	0	0	0
283	ComputeCell	27	8	1	10	13	23	23	1	10	12	0	0	0	0	0	0	0	0
284	ComputeCell	28	8	1	9	15	24	24	1	9	14	0	0	0	0	0	0	0	0
285	ComputeCell	29	8	1	11	26	37	37	1	11	25	0	0	0	0	0	0	0	0
286	ComputeCell	30	8	1	7	15	22	22	1	7	14	0	0	0	0	0	0	0	0
287	ComputeCell	31	8	1	6	10	16	16	1	6	9	0	0	0	0	0	0	0	0
288	ComputeCell	0	9	1	12	12	24	24	2	12	10	0	0	0	0	0	0	0	0
289	ComputeCell	1	9	1	10	10	20	20	1	10	9	0	0	0	0	0	0	0	0
290	ComputeCell	2	9	1	20	14	34	34	2	20	12	0	0	0	0	0	0	0	0
291	ComputeCell	3	9	1	5	20	25	25	1	5	19	0	0	0	0	0	0	0	0
292	ComputeCell	4	9	1	10	20	30	30	1	10	19	0	0	0	0	2	5	0	0
293	ComputeCell	5	9	1	21	12	33	33	3	21	9	0	0	0	0	0	0	0	0
294	ComputeCell	6	9	1	16	17	33	33	2	16	15	0	0	0	0	0	0	0	0
295	ComputeCell	7	9	1	11	16	27	27	1	11	15	0	0	0	0	1	2	0	0
296	ComputeCell	8	9	1	12	12	24	24	2	12	10	0	0	0	0	0	0	0	0
297	ComputeCell	9	9	1	6	8	14	14	1	6	7	0	0	0	0	3	10	0	0
298	ComputeCell	10	9	1	27	21	48	48	3	27	18	0	0	0	0	0	0	0	0
299	ComputeCell	11	9	1	5	16	21	21	1	5	15	0	0	0	0	6	6	0	0
300	ComputeCell	12	9	1	28	3	31	31	2	28	1	0	0	0	0	0	0	0	0
301	ComputeCell	13	9	1	5	17	22	22	1	5	16	0	0	0	0	0	0	0	0
302	ComputeCell	14	9	1	21	11	32	32	3	21	8	0	0	0	0	0	0	0	0
303	ComputeCell	15	9	1	18	15	33	33	3	18	12	0	0	0	0	0	0	0	0
304	ComputeCell	16	9	1	21	16	37	37	3	21	13	0	0	0	0	0	0	0	0
305	ComputeCell	17	9	1	10	15	25	25	2	10	13	0	0	0	0	0	0	0	0
306	ComputeCell	18	9	1	28	13	41	41	2	28	11	0	0	0	0	0	0	0	0
307	ComputeCell	19	9	1	18	18	36	36	2	18	16	0	0	0	0	0	0	0	0
308	ComputeCell	20	9	1	12	13	25	25	1	12	12	0	0	0	0	0	0	0	0
309	ComputeCell	21	9	1	7	18	25	25	1	7	17	0	0	0	0	0	0	0	0
310	ComputeCell	22	9	1	6	10	16	16	1	6	9	0	0	0	0	0	0	0	0
311	ComputeCell	23	9	1	24	6	30	30	2	24	4	0	0	0	0	0	0	0	0
312	ComputeCell	24	9	1	8	14	22	22	1	8	13	0	0	0	0	0	0	0	0
313	ComputeCell	25	9	1	7	8	15	15	1	7	7	0	0	0	0	0	0	0	0
314	ComputeCell	26	9	1	5	14	19	19	1	5	13	0	0	0	0	0	0	0	0
315	ComputeCell	27	9	1	30	16	46	46	3	30	13	0	0	0	0	0	0	0	0
316	ComputeCell	28	9	1	52	11	63	63	4	52	7	7	13	0	0	0	0	0	0
317	ComputeCell	29	9	1	12	13	25	25	2	12	11	6	7	0	0	0	0	0	0
318	ComputeCell	30	9	1	21	11	32	32	3	21	8	0	0	0	0	0	0	0	0
319	ComputeCell	31	9	1	5	6	11	11	1	5	5	0	0	0	0	0	0	0	0
320	ComputeCell	0	10	1	8	17	25	25	1	8	16	0	0	0	0	0	0	0	0
321	ComputeCell	1	10	1	10	14	24	24	1	10	13	0	0	0	0	0	0	0	0
322	ComputeCell	2	10	1	4	11	15	15	1	4	10	0	0	0	0	0	0	0	0
323	ComputeCell	3	10	1	14	2	16	16	2	14	0	0	0	0	0	0	0	0	0
324	ComputeCell	4	10	1	30	7	37	37	3	30	4	0	0	0	0	0	0	0	0
325	ComputeCell	5	10	1	9	15	24	24	3	9	12	0	0	0	0	0	0	0	0
326	ComputeCell	6	10	1	18	13	31	31	3	18	10	0	0	0	0	0	0	0	0
327	ComputeCell	7	10	1	12	12	24	24	2	12	10	0	0	0	0	0	0	0	0
328	ComputeCell	8	10	1	11	19	30	30	1	11	18	0	0	0	0	0	0	0	0
329	ComputeCell	9	10	1	5	12	17	17	1	5	11	0	0	0	0	0	0	0	0
330	ComputeCell	10	10	1	7	9	16	16	1	7	8	0	0	0	0	0	0	0	0
331	ComputeCell	11	10	1	6	18	24	24	1	6	17	0	0	0	0	2	2	0	0
332	ComputeCell	12	10	1	33	12	45	45	3	33	9	0	0	0	0	0	0	0	0
333	ComputeCell	13	10	1	8	5	13	13	2	8	3	0	0	0	0	0	0	0	0
334	ComputeCell	14	10	1	3	16	19	19	1	3	15	0	0	0	0	0	0	0	0
335	ComputeCell	15	10	1	6	5	11	11	2	6	3	0	0	0	0	0	0	0	0
336	ComputeCell	16	10	1	11	12	23	23	1	11	11	0	0	0	0	0	0	0	0
337	ComputeCell	17	10	1	8	9	17	17	1	8	8	0	0	0	0	0	0	0	0
338	ComputeCell	18	10	1	8	12	20	20	1	8	11	0	0	0	0	0	0	0	0
339	ComputeCell	19	10	1	3	14	17	17	1	3	13	0	0	0	0	0	0	0	0
340	ComputeCell	20	10	1	18	14	32	32	2	18	12	0	0	0	0	0	0	0	0
341	ComputeCell	21	10	1	7	16	23	23	1	7	15	0	0	0	0	0	0	0	0
342	ComputeCell	22	10	1	8	11	19	19	1	8	10	0	0	0	0	0	0	0	0
343	ComputeCell	23	10	1	8	7	15	15	1	8	6	0	0	0	0	0	0	0	0
344	ComputeCell	24	10	1	7	18	25	25	1	7	17	0	0	0	0	0	0	0	0
345	ComputeCell	25	10	1	10	12	22	22	1	10	11	0	0	0	0	0	0	0	0
346	ComputeCell	26	10	1	12	15	27	27	2	12	13	0	0	0	0	0	0	0	0
347	ComputeCell	27	10	1	6	22	28	28	1	6	21	0	0	0	0	0	0	0	0
348	ComputeCell	28	10	1	8	20	28	28	1	8	19	0	0	0	0	0	0	0	0
349	ComputeCell	29	10	1	14	12	26	26	2	14	10	0	0	0	0	0	0	0	0
350	ComputeCell	30	10	1	33	8	41	41	3	33	5	0	0	0	0	0	0	0	0
351	ComputeCell	31	10	1	7	9	16	16	1	7	8	0	0	0	0	0	0	0	0
352	ComputeCell	0	11	1	5	9	14	14	1	5	8	0	0	0	0	0	0	0	0
353	ComputeCell	1	11	1	10	4	14	14	1	10	3	0	0	0	0	0	0	0	0
354	ComputeCell	2	11	1	16	6	22	22	2	16	4	0	0	0	0	0	0	0	0
355	ComputeCell	3	11	1	42	13	55	55	3	42	10	0	0	0	0	0	0	0	0
356	ComputeCell	4	11	1	20	8	28	28	2	20	6	0	0	0	0	4	7	0	0
357	ComputeCell	5	11	1	18	14	32	32	2	18	12	0	0	0	0	3	3	0	0
358	ComputeCell	6	11	1	27	9	36	36	3	27	6	0	0	0	0	0	0	0	0
359	ComputeCell	7	11	1	6	11	17	17	1	6	10	0	0	0	0	0	0	0	0
360	ComputeCell	8	11	1	5	16	21	21	1	5	15	0	0	0	0	0	0	0	0
361	ComputeCell	9	11	1	6	18	24	24	2	6	16	0	0	0	0	0	0	0	0
362	ComputeCell	10	11	1	8	22	30	30	1	8	21	0	0	0	0	1	3	0	0
363	ComputeCell	11	11	1	15	14	29	29	3	15	11	0	0	0	0	1	3	0	0
364	ComputeCell	12	11	1	16	22	38	38	2	16	20	0	0	0	0	1	2	0	0
365	ComputeCell	13	11	1	12	16	28	28	2	12	14	0	0	0	0	0	0	0	0
366	ComputeCell	14	11	1	9	16	25	25	1	9	15	0	0	0	0	0	0	0	0
367	ComputeCell	15	11	1	24	11	35	35	2	24	9	0	0	0	0	0	0	0	0
368	ComputeCell	16	11	1	7	8	15	15	1	7	7	0	0	0	0	0	0	0	0
369	ComputeCell	17	11	1	6	11	17	17	1	6	10	0	0	0	0	0	0	0	0
370	ComputeCell	18	11	1	12	19	31	31	3	12	16	0	0	0	0	0	0	0	0
371	ComputeCell	19	11	1	10	9	19	19	1	10	8	0	0	0	0	0	0	0	0
372	ComputeCell	20	11	1	6	15	21	21	1	6	14	0	0	0	0	0	0	0	0
373	ComputeCell	21	11	1	12	10	22	22	2	12	8	0	0	0	0	0	0	0	0
374	ComputeCell	22	11	1	5	11	16	16	1	5	10	0	0	0	0	0	0	0	0
375	ComputeCell	23	11	1	10	13	23	23	1	10	12	0	0	0	0	0	0	0	0
376	ComputeCell	24	11	1	7	13	20	20	1	7	12	0	0	0	0	0	0	0	0
377	ComputeCell	25	11	1	10	12	22	22	1	10	11	0	0	0	0	0	0	0	0
378	ComputeCell	26	11	1	12	10	22	22	2	12	8	0	0	0	0	0	0	0	0
379	ComputeCell	27	11	1	28	20	48	48	2	28	18	0	0	0	0	0	0	0	0
380	ComputeCell	28	11	1	6	15	21	21	1	6	14	0	0	0	0	0	0	0	0
381	ComputeCell	29	11	1	14	1	15	15	1	14	0	0	0	0	0	0	0	0	0
382	ComputeCell	30	11	1	9	17	26	26	1	9	16	0	0	0	0	0	0	0	0
383	ComputeCell	31	11	1	6	16	22	22	1	6	15	0	0	0	0	0	0	0	0
384	ComputeCell	0	12	1	21	14	35	35	3	21	11	0	0	0	0	0	0	0	0
385	ComputeCell	1	12	1	36	11	47	47	3	36	8	0	0	0	0	0	0	0	0
386	ComputeCell	2	12	1	8	13	21	21	1	8	12	0	0	0	0	0	0	0	0
387	ComputeCell	3	12	1	14	4	18	18	2	14	2	0	0	0	0	0	0	0	0
388	ComputeCell	4	12	1	18	13	31	31	2	18	11	0	0	0	0	0	0	0	0
389	ComputeCell	5	12	1	10	12	22	22	2	10	10	0	0	0	0	0	0	0	0
390	ComputeCell	6	12	1	12	8	20	20	1	12	7	0	0	0	0	0	0	0	0
391	ComputeCell	7	12	1	5	11	16	16	1	5	10	0	0	0	0	0	0	0	0
392	ComputeCell	8	12	1	22	9	31	31	2	22	7	0	0	0	0	0	0	0	0
393	ComputeCell	9	12	1	2	6	8	8	1	2	5	0	0	0	0	0	0	0	0
394	ComputeCell	10	12	1	10	16	26	26	2	10	14	0	0	0	0	0	0	0	0
395	ComputeCell	11	12	1	7	20	27	27	1	7	19	0	0	0	0	0	0	0	0
396	ComputeCell	12	12	1	36	14	50	50	3	36	11	0	0	0	0	0	0	0	0
397	ComputeCell	13	12	1	10	13	23	23	1	10	12	0	0	0	0	0	0	0	0
398	ComputeCell	14	12	1	22	15	37	37	2	22	13	0	0	0	0	0	0	0	0
399	ComputeCell	15	12	1	27	14	41	41	3	27	11	0	0	0	0	0	0	0	0
400	ComputeCell	16	12	1	3	18	21	21	1	3	17	0	0	0	0	0	0	0	0
401	ComputeCell	17	12	1	7	10	17	17	1	7	9	0	0	0	0	0	0	0	0
402	ComputeCell	18	12	1	12	11	23	23	1	12	10	0	0	0	0	0	0	0	0
403	ComputeCell	19	12	1	18	19	37	37	3	18	16	0	0	0	0	0	0	0	0
404	ComputeCell	20	12	1	14	15	29	29	2	14	13	0	0	0	0	0	0	0	0
405	ComputeCell	21	12	1	5	10	15	15	1	5	9	0	0	0	0	0	0	0	0
406	ComputeCell	22	12	1	6	17	23	23	1	6	16	0	0	0	0	0	0	0	0
407	ComputeCell	23	12	1	16	6	22	22	2	16	4	0	0	0	0	0	0	0	0
408	ComputeCell	24	12	1	14	10	24	24	1	14	9	0	0	0	0	0	0	0	0
409	ComputeCell	25	12	1	12	17	29	29	2	12	15	0	0	0	0	0	0	0	0
410	ComputeCell	26	12	1	10	10	20	20	1	10	9	0	0	0	0	0	0	0	0
411	ComputeCell	27	12	1	6	18	24	24	1	6	17	0	0	0	0	0	0	0	0
412	ComputeCell	28	12	1	9	20	29	29	1	9	19	0	0	0	0	0	0	0	0
413	ComputeCell	29	12	1	12	9	21	21	2	12	7	0	0	0	0	0	0	0	0
414	ComputeCell	30	12	1	18	10	28	28	3	18	7	0	0	0	0	0	0	0	0
415	ComputeCell	31	12	1	15	7	22	22	1	15	6	0	0	0	0	0	0	0	0
416	ComputeCell	0	13	1	8	15	23	23	1	8	14	0	0	0	0	0	0	0	0
417	ComputeCell	1	13	1	15	9	24	24	1	15	8	0	0	0	0	0	0	0	0
418	ComputeCell	2	13	1	9	19	28	28	3	9	16	0	0	0	0	0	0	0	0
419	ComputeCell	3	13	1	15	11	26	26	1	15	10	0	0	0	0	7	8	0	0
420	ComputeCell	4	13	1	22	8	30	30	2	22	6	0	0	0	0	0	0	0	0
421	ComputeCell	5	13	1	11	13	24	24	1	11	12	0	0	0	0	5	8	0	0
422	ComputeCell	6	13	1	22	9	31	31	2	22	7	0	0	0	0	2	4	0	0
423	ComputeCell	7	13	1	36	13	49	49	3	36	10	0	0	0	0	0	0	0	0
424	ComputeCell	8	13	1	27	23	50	50	3	27	20	0	0	0	0	0	0	0	0
425	ComputeCell	9	13	1	5	27	32	32	1	5	26	0	0	0	0	0	0	0	0
426	ComputeCell	10	13	1	9	27	36	36	1	9	26	0	0	0	0	0	0	0	0
427	ComputeCell	11	13	1	5	8	13	13	1	5	7	0	0	0	0	0	0	0	0
428	ComputeCell	12	13	1	15	15	30	30	1	15	14	0	0	0	0	0	0	0	0
429	ComputeCell	13	13	1	22	15	37	37	2	22	13	0	0	0	0	0	0	0	0
430	ComputeCell	14	13	1	7	18	25	25	1	7	17	0	0	0	0	0	0	0	0
431	ComputeCell	15	13	1	10	14	24	24	1	10	13	0	0	0	0	0	0	0	0
432	ComputeCell	16	13	1	4	14	18	18	1	4	13	0	0	0	0	0	0	0	0
433	ComputeCell	17	13	1	10	11	21	21	1	10	10	0	0	0	0	0	0	0	0
434	ComputeCell	18	13	1	20	11	31	31	2	20	9	0	0	0	0	0	0	0	0
435	ComputeCell	19	13	1	10	13	23	23	1	10	12	0	0	0	0	0	0	0	0
436	ComputeCell	20	13	1	18	8	26	26	3	18	5	0	0	0	0	0	0	0	0
437	ComputeCell	21	13	1	12	14	26	26	2	12	12	0	0	0	0	0	0	0	0
438	ComputeCell	22	13	1	18	8	26	26	2	18	6	0	0	0	0	0	0	0	0
439	ComputeCell	23	13	1	6	23	29	29	3	6	20	0	0	0	0	0	0	0	0
440	ComputeCell	24	13	1	5	19	24	24	1	5	18	0	0	0	0	0	0	0	0
441	ComputeCell	25	13	1	12	12	24	24	1	12	11	0	0	0	0	0	0	0	0
442	ComputeCell	26	13	1	12	8	20	20	2	12	6	0	0	0	0	0	0	0	0
443	ComputeCell	27	13	1	18	13	31	31	2	18	11	0	0	0	0	0	0	0	0
444	ComputeCell	28	13	1	6	11	17	17	2	6	9	2	4	0	0	0	0	0	0
445	ComputeCell	29	13	1	6	11	17	17	1	6	10	0	0	0	0	0	0	0	0
446	ComputeCell	30	13	1	9	34	43	43	1	9	33	0	0	0	0	0	0	0	0
447	ComputeCell	31	13	1	3	20	23	23	1	3	19	0	0	0	0	0	0	0	0
448	ComputeCell	0	14	1	7	17	24	24	1	7	16	0	0	0	0	0	0	0	0
449	ComputeCell	1	14	1	7	12	19	19	1	7	11	0	0	0	0	0	0	0	0
450	ComputeCell	2	14	1	15	17	32	32	1	15	16	0	0	0	0	0	0	0	0
451	ComputeCell	3	14	1	11	14	25	25	1	11	13	0	0	0	0	0	0	0	0
452	ComputeCell	4	14	1	5	10	15	15	1	5	9	0	0	0	0	0	0	0	0
453	ComputeCell	5	14	1	13	14	27	27	1	13	13	0	0	0	0	0	0	0	0
454	ComputeCell	6	14	1	8	13	21	21	1	8	12	0	0	0	0	9	17	0	0
455	ComputeCell	7	14	1	33	18	51	51	3	33	15	0	0	0	0	0	0	0	0
456	ComputeCell	8	14	1	4	15	19	19	1	4	14	0	0	0	0	0	0	0	0
457	ComputeCell	9	14	1	14	7	21	21	2	14	5	0	0	0	0	0	0	0	0
458	ComputeCell	10	14	1	8	12	20	20	1	8	11	0	0	0	0	0	0	0	0
459	ComputeCell	11	14	1	12	16	28	28	2	12	14	0	0	0	0	0	0	0	0
460	ComputeCell	12	14	1	18	11	29	29	2	18	9	0	0	0	0	0	0	0	0
461	ComputeCell	13	14	1	16	15	31	31	2	16	13	0	0	0	0	0	0	0	0
462	ComputeCell	14	14	1	27	13	40	40	3	27	10	0	0	0	0	0	0	0	0
463	ComputeCell	15	14	1	10	22	32	32	2	10	20	2	3	0	0	0	0	0	0
464	ComputeCell	16	14	1	11	21	32	32	1	11	20	0	0	0	0	0	0	0	0
465	ComputeCell	17	14	1	10	9	19	19	2	10	7	0	0	0	0	0	0	0	0
466	ComputeCell	18	14	1	30	17	47	47	3	30	14	0	0	0	0	0	0	0	0
467	ComputeCell	19	14	1	14	11	25	25	2	14	9	2	7	0	0	0	0	0	0
468	ComputeCell	20	14	1	12	8	20	20	2	12	6	0	0	0	0	0	0	0	0
469	ComputeCell	21	14	1	20	19	39	39	2	20	17	0	0	0	0	0	0	0	0
470	ComputeCell	22	14	1	3	15	18	18	1	3	14	0	0	0	0	0	0	0	0
471	ComputeCell	23	14	1	8	10	18	18	1	8	9	0	0	0	0	0	0	0	0
472	ComputeCell	24	14	1	4	13	17	17	1	4	12	0	0	0	0	0	0	0	0
473	ComputeCell	25	14	1	11	6	17	17	1	11	5	0	0	0	0	0	0	0	0
474	ComputeCell	26	14	1	2	6	8	8	1	2	5	0	0	0	0	0	0	0	0
475	ComputeCell	27	14	1	24	8	32	32	2	24	6	0	0	0	0	0	0	0	0
476	ComputeCell	28	14	1	9	9	18	18	1	9	8	0	0	0	0	0	0	0	0
477	ComputeCell	29	14	1	10	18	28	28	1	10	17	0	0	0	0	0	0	0	0
478	ComputeCell	30	14	1	8	10	18	18	2	8	8	0	0	0	0	0	0	0	0
479	ComputeCell	31	14	1	10	10	20	20	2	10	8	0	0	0	0	0	0	0	0
480	ComputeCell	0	15	1	7	20	27	27	1	7	19	0	0	0	0	0	0	0	0
481	ComputeCell	1	15	1	5	11	16	16	1	5	10	0	0	0	0	0	0	0	0
482	ComputeCell	2	15	1	20	13	33	33	2	20	11	0	0	0	0	0	0	0	0
483	ComputeCell	3	15	1	11	9	20	20	1	11	8	0	0	0	0	0	0	0	0
484	ComputeCell	4	15	1	16	9	25	25	2	16	7	0	0	0	0	0	0	0	0
485	ComputeCell	5	15	1	2	11	13	13	1	2	10	0	0	0	0	2	3	0	0
486	ComputeCell	6	15	1	21	9	30	30	3	21	6	0	0	0	0	0	0	0	0
487	ComputeCell	7	15	1	6	20	26	26	1	6	19	0	0	0	0	0	0	0	0
488	ComputeCell	8	15	1	6	15	21	21	1	6	14	0	0	0	0	0	0	0	0
489	ComputeCell	9	15	1	8	13	21	21	1	8	12	0	0	0	0	0	0	0	0
490	ComputeCell	10	15	1	11	8	19	19	1	11	7	0	0	0	0	0	0	0	0
491	ComputeCell	11	15	1	7	10	17	17	1	7	9	0	0	0	0	0	0	0	0
492	ComputeCell	12	15	1	5	12	17	17	1	5	11	0	0	0	0	0	0	0	0
493	ComputeCell	13	15	1	7	9	16	16	1	7	8	0	0	0	0	0	0	0	0
494	ComputeCell	14	15	1	7	8	15	15	1	7	7	0	0	0	0	0	0	0	0
495	ComputeCell	15	15	1	7	12	19	19	1	7	11	0	0	0	0	0	0	0	0
496	ComputeCell	16	15	1	6	12	18	18	1	6	11	0	0	0	0	0	0	0	0
497	ComputeCell	17	15	1	6	5	11	11	1	6	4	0	0	0	0	0	0	0	0
498	ComputeCell	18	15	1	18	6	24	24	2	18	4	0	0	0	0	0	0	0	0
499	ComputeCell	19	15	1	4	20	24	24	1	4	19	0	0	0	0	0	0	0	0
500	ComputeCell	20	15	1	7	14	21	21	1	7	13	0	0	0	0	0	0	0	0
501	ComputeCell	21	15	1	12	8	20	20	1	12	7	0	0	0	0	0	0	0	0
502	ComputeCell	22	15	1	5	19	24	24	1	5	18	0	0	0	0	0	0	0	0
503	ComputeCell	23	15	1	28	15	43	43	2	28	13	0	0	0	0	0	0	0	0
504	ComputeCell	24	15	1	4	13	17	17	1	4	12	1	1	0	0	0	0	0	0
505	ComputeCell	25	15	1	18	13	31	31	2	18	11	0	0	0	0	0	0	0	0
506	ComputeCell	26	15	1	16	19	35	35	2	16	17	0	0	0	0	0	0	0	0
507	ComputeCell	27	15	1	10	5	15	15	1	10	4	1	6	0	0	0	0	0	0
508	ComputeCell	28	15	1	16	13	29	29	2	16	11	0	0	0	0	0	0	0	0
509	ComputeCell	29	15	1	7	18	25	25	1	7	17	0	0	0	0	0	0	0	0
510	ComputeCell	30	15	1	7	16	23	23	1	7	15	0	0	0	0	0	0	0	0
511	ComputeCell	31	15	1	10	14	24	24	1	10	13	0	0	0	0	0	0	0	0
512	ComputeCell	0	16	0	0	0	0	0	0	0	0	0	0	0	0	0	0	0	0
513	ComputeCell	1	16	0	0	0	0	0	0	0	0	0	0	0	0	0	0	0	0
514	ComputeCell	2	16	0	0	0	0	0	0	0	0	0	0	0	0	0	0	0	0
515	ComputeCell	3	16	0	0	0	0	0	0	0	0	0	0	0	0	0	0	0	0
516	ComputeCell	4	16	0	0	0	0	0	0	0	0	0	0	0	0	0	0	0	0
517	ComputeCell	5	16	0	0	0	0	0	0	0	0	0	0	0	0	0	0	0	0
518	ComputeCell	6	16	0	0	0	0	0	0	0	0	0	0	0	0	0	0	0	0
519	ComputeCell	7	16	0	0	0	0	0	0	0	0	0	0	0	0	0	0	0	0
520	ComputeCell	8	16	0	0	0	0	0	0	0	0	0	0	0	0	0	0	0	0
521	ComputeCell	9	16	0	0	0	0	0	0	0	0	0	0	0	0	0	0	0	0
522	ComputeCell	10	16	0	0	0	0	0	0	0	0	0	0	0	0	0	0	0	0
523	ComputeCell	11	16	0	0	0	0	0	0	0	0	0	0	0	0	0	0	0	0
524	ComputeCell	12	16	0	0	0	0	0	0	0	0	0	0	0	0	0	0	0	0
525	ComputeCell	13	16	0	0	0	0	0	0	0	0	0	0	0	0	0	0	0	0
526	ComputeCell	14	16	0	0	0	0	0	0	0	0	0	0	0	0	0	0	0	0
527	ComputeCell	15	16	0	0	0	0	0	0	0	0	0	0	0	0	0	0	0	0
528	ComputeCell	16	16	0	0	0	0	0	0	0	0	0	0	0	0	0	0	0	0
529	ComputeCell	17	16	0	0	0	0	0	0	0	0	0	0	0	0	0	0	0	0
530	ComputeCell	18	16	0	0	0	0	0	0	0	0	0	0	0	0	0	0	0	0
531	ComputeCell	19	16	0	0	0	0	0	0	0	0	0	0	0	0	0	0	0	0
532	ComputeCell	20	16	0	0	0	0	0	0	0	0	0	0	0	0	0	0	0	0
533	ComputeCell	21	16	0	0	0	0	0	0	0	0	0	0	0	0	0	0	0	0
534	ComputeCell	22	16	0	0	0	0	0	0	0	0	0	0	0	0	0	0	0	0
535	ComputeCell	23	16	0	0	0	0	0	0	0	0	0	0	0	0	0	0	0	0
536	ComputeCell	24	16	0	0	0	0	0	0	0	0	0	0	0	0	0	0	0	0
537	ComputeCell	25	16	0	0	0	0	0	0	0	0	0	0	0	0	0	0	0	0
538	ComputeCell	26	16	0	0	0	0	0	0	0	0	0	0	0	0	0	0	0	0
539	ComputeCell	27	16	0	0	0	0	0	0	0	0	0	0	0	0	0	0	0	0
540	ComputeCell	28	16	0	0	0	0	0	0	0	0	0	0	0	0	0	0	0	0
541	ComputeCell	29	16	0	0	0	0	0	0	0	0	0	0	0	0	0	0	0	0
542	ComputeCell	30	16	0	0	0	0	0	0	0	0	0	0	0	0	0	0	0	0
543	ComputeCell	31	16	0	0	0	0	0	0	0	0	0	0	0	0	0	0	0	0
544	ComputeCell	0	17	0	0	0	0	0	0	0	0	0	0	0	0	0	0	0	0
545	ComputeCell	1	17	0	0	0	0	0	0	0	0	0	0	0	0	0	0	0	0
546	ComputeCell	2	17	0	0	0	0	0	0	0	0	0	0	0	0	0	0	0	0
547	ComputeCell	3	17	0	0	0	0	0	0	0	0	0	0	0	0	0	0	0	0
548	ComputeCell	4	17	0	0	0	0	0	0	0	0	0	0	0	0	0	0	0	0
549	ComputeCell	5	17	0	0	0	0	0	0	0	0	0	0	0	0	0	0	0	0
550	ComputeCell	6	17	0	0	0	0	0	0	0	0	0	0	0	0	0	0	0	0
551	ComputeCell	7	17	0	0	0	0	0	0	0	0	0	0	0	0	0	0	0	0
552	ComputeCell	8	17	0	0	0	0	0	0	0	0	0	0	0	0	0	0	0	0
553	ComputeCell	9	17	0	0	0	0	0	0	0	0	0	0	0	0	0	0	0	0
554	ComputeCell	10	17	0	0	0	0	0	0	0	0	0	0	0	0	0	0	0	0
555	ComputeCell	11	17	0	0	0	0	0	0	0	0	0	0	0	0	0	0	0	0
556	ComputeCell	12	17	0	0	0	0	0	0	0	0	0	0	0	0	0	0	0	0
557	ComputeCell	13	17	0	0	0	0	0	0	0	0	0	0	0	0	0	0	0	0
558	ComputeCell	14	17	0	0	0	0	0	0	0	0	0	0	0	0	0	0	0	0
559	ComputeCell	15	17	0	0	0	0	0	0	0	0	0	0	0	0	0	0	0	0
560	ComputeCell	16	17	0	0	0	0	0	0	0	0	0	0	0	0	0	0	0	0
561	ComputeCell	17	17	0	0	0	0	0	0	0	0	0	0	0	0	0	0	0	0
562	ComputeCell	18	17	0	0	0	0	0	0	0	0	0	0	0	0	0	0	0	0
563	ComputeCell	19	17	0	0	0	0	0	0	0	0	0	0	0	0	0	0	0	0
564	ComputeCell	20	17	0	0	0	0	0	0	0	0	0	0	0	0	0	0	0	0
565	ComputeCell	21	17	0	0	0	0	0	0	0	0	0	0	0	0	0	0	0	0
566	ComputeCell	22	17	0	0	0	0	0	0	0	0	0	0	0	0	0	0	0	0
567	ComputeCell	23	17	0	0	0	0	0	0	0	0	0	0	0	0	0	0	0	0
568	ComputeCell	24	17	0	0	0	0	0	0	0	0	0	0	0	0	0	0	0	0
569	ComputeCell	25	17	0	0	0	0	0	0	0	0	0	0	0	0	0	0	0	0
570	ComputeCell	26	17	0	0	0	0	0	0	0	0	0	0	0	0	0	0	0	0
571	ComputeCell	27	17	0	0	0	0	0	0	0	0	0	0	0	0	0	0	0	0
572	ComputeCell	28	17	0	0	0	0	0	0	0	0	0	0	0	0	0	0	0	0
573	ComputeCell	29	17	0	0	0	0	0	0	0	0	0	0	0	0	0	0	0	0
574	ComputeCell	30	17	0	0	0	0	0	0	0	0	0	0	0	0	0	0	0	0
575	ComputeCell	31	17	0	0	0	0	0	0	0	0	0	0	0	0	0	0	0	0
576	ComputeCell	0	18	0	0	0	0	0	0	0	0	0	0	0	0	0	0	0	0
577	ComputeCell	1	18	0	0	0	0	0	0	0	0	0	0	0	0	0	0	0	0
578	ComputeCell	2	18	0	0	0	0	0	0	0	0	0	0	0	0	0	0	0	0
579	ComputeCell	3	18	0	0	0	0	0	0	0	0	0	0	0	0	0	0	0	0
580	ComputeCell	4	18	0	0	0	0	0	0	0	0	0	0	0	0	0	0	0	0
581	ComputeCell	5	18	0	0	0	0	0	0	0	0	0	0	0	0	0	0	0	0
582	ComputeCell	6	18	0	0	0	0	0	0	0	0	0	0	0	0	0	0	0	0
583	ComputeCell	7	18	0	0	0	0	0	0	0	0	0	0	0	0	0	0	0	0
584	ComputeCell	8	18	0	0	0	0	0	0	0	0	0	0	0	0	0	0	0	0
585	ComputeCell	9	18	0	0	0	0	0	0	0	0	0	0	0	0	0	0	0	0
586	ComputeCell	10	18	0	0	0	0	0	0	0	0	0	0	0	0	0	0	0	0
587	ComputeCell	11	18	0	0	0	0	0	0	0	0	0	0	0	0	0	0	0	0
588	ComputeCell	12	18	0	0	0	0	0	0	0	0	0	0	0	0	0	0	0	0
589	ComputeCell	13	18	0	0	0	0	0	0	0	0	0	0	0	0	0	0	0	0
590	ComputeCell	14	18	0	0	0	0	0	0	0	0	0	0	0	0	0	0	0	0
591	ComputeCell	15	18	0	0	0	0	0	0	0	0	0	0	0	0	0	0	0	0
592	ComputeCell	16	18	0	0	0	0	0	0	0	0	0	0	0	0	0	0	0	0
593	ComputeCell	17	18	0	0	0	0	0	0	0	0	0	0	0	0	0	0	0	0
594	ComputeCell	18	18	0	0	0	0	0	0	0	0	0	0	0	0	0	0	0	0
595	ComputeCell	19	18	0	0	0	0	0	0	0	0	0	0	0	0	0	0	0	0
596	ComputeCell	20	18	0	0	0	0	0	0	0	0	0	0	0	0	0	0	0	0
597	ComputeCell	21	18	0	0	0	0	0	0	0	0	0	0	0	0	0	0	0	0
598	ComputeCell	22	18	0	0	0	0	0	0	0	0	0	0	0	0	0	0	0	0
599	ComputeCell	23	18	0	0	0	0	0	0	0	0	0	0	0	0	0	0	0	0
600	ComputeCell	24	18	0	0	0	0	0	0	0	0	0	0	0	0	0	0	0	0
601	ComputeCell	25	18	0	0	0	0	0	0	0	0	0	0	0	0	0	0	0	0
602	ComputeCell	26	18	0	0	0	0	0	0	0	0	0	0	0	0	0	0	0	0
603	ComputeCell	27	18	0	0	0	0	0	0	0	0	0	0	0	0	0	0	0	0
604	ComputeCell	28	18	0	0	0	0	0	0	0	0	0	0	0	0	0	0	0	0
605	ComputeCell	29	18	0	0	0	0	0	0	0	0	0	0	0	0	0	0	0	0
606	ComputeCell	30	18	0	0	0	0	0	0	0	0	0	0	0	0	0	0	0	0
607	ComputeCell	31	18	0	0	0	0	0	0	0	0	0	0	0	0	0	0	0	0
608	ComputeCell	0	19	0	0	0	0	0	0	0	0	0	0	0	0	0	0	0	0
609	ComputeCell	1	19	0	0	0	0	0	0	0	0	0	0	0	0	0	0	0	0
610	ComputeCell	2	19	0	0	0	0	0	0	0	0	0	0	0	0	0	0	0	0
611	ComputeCell	3	19	0	0	0	0	0	0	0	0	0	0	0	0	0	0	0	0
612	ComputeCell	4	19	0	0	0	0	0	0	0	0	0	0	0	0	0	0	0	0
613	ComputeCell	5	19	0	0	0	0	0	0	0	0	0	0	0	0	0	0	0	0
614	ComputeCell	6	19	0	0	0	0	0	0	0	0	0	0	0	0	0	0	0	0
615	ComputeCell	7	19	0	0	0	0	0	0	0	0	0	0	0	0	0	0	0	0
616	ComputeCell	8	19	0	0	0	0	0	0	0	0	0	0	0	0	0	0	0	0
617	ComputeCell	9	19	0	0	0	0	0	0	0	0	0	0	0	0	0	0	0	0
618	ComputeCell	10	19	0	0	0	0	0	0	0	0	0	0	0	0	0	0	0	0
619	ComputeCell	11	19	0	0	0	0	0	0	0	0	0	0	0	0	0	0	0	0
620	ComputeCell	12	19	0	0	0	0	0	0	0	0	0	0	0	0	0	0	0	0
621	ComputeCell	13	19	0	0	0	0	0	0	0	0	0	0	0	0	0	0	0	0
622	ComputeCell	14	19	0	0	0	0	0	0	0	0	0	0	0	0	0	0	0	0
623	ComputeCell	15	19	0	0	0	0	0	0	0	0	0	0	0	0	0	0	0	0
624	ComputeCell	16	19	0	0	0	0	0	0	0	0	0	0	0	0	0	0	0	0
625	ComputeCell	17	19	0	0	0	0	0	0	0	0	0	0	0	0	0	0	0	0
626	ComputeCell	18	19	0	0	0	0	0	0	0	0	0	0	0	0	0	0	0	0
627	ComputeCell	19	19	0	0	0	0	0	0	0	0	0	0	0	0	0	0	0	0
628	ComputeCell	20	19	0	0	0	0	0	0	0	0	0	0	0	0	0	0	0	0
629	ComputeCell	21	19	0	0	0	0	0	0	0	0	0	0	0	0	0	0	0	0
630	ComputeCell	22	19	0	0	0	0	0	0	0	0	0	0	0	0	0	0	0	0
631	ComputeCell	23	19	0	0	0	0	0	0	0	0	0	0	0	0	0	0	0	0
632	ComputeCell	24	19	0	0	0	0	0	0	0	0	0	0	0	0	0	0	0	0
633	ComputeCell	25	19	0	0	0	0	0	0	0	0	0	0	0	0	0	0	0	0
634	ComputeCell	26	19	0	0	0	0	0	0	0	0	0	0	0	0	0	0	0	0
635	ComputeCell	27	19	0	0	0	0	0	0	0	0	0	0	0	0	0	0	0	0
636	ComputeCell	28	19	0	0	0	0	0	0	0	0	0	0	0	0	0	0	0	0
637	ComputeCell	29	19	0	0	0	0	0	0	0	0	0	0	0	0	0	0	0	0
638	ComputeCell	30	19	0	0	0	0	0	0	0	0	0	0	0	0	0	0	0	0
639	ComputeCell	31	19	0	0	0	0	0	0	0	0	0	0	0	0	0	0	0	0
640	ComputeCell	0	20	0	0	0	0	0	0	0	0	0	0	0	0	0	0	0	0
641	ComputeCell	1	20	0	0	0	0	0	0	0	0	0	0	0	0	0	0	0	0
642	ComputeCell	2	20	0	0	0	0	0	0	0	0	0	0	0	0	0	0	0	0
643	ComputeCell	3	20	0	0	0	0	0	0	0	0	0	0	0	0	0	0	0	0
644	ComputeCell	4	20	0	0	0	0	0	0	0	0	0	0	0	0	0	0	0	0
645	ComputeCell	5	20	0	0	0	0	0	0	0	0	0	0	0	0	0	0	0	0
646	ComputeCell	6	20	0	0	0	0	0	0	0	0	0	0	0	0	0	0	0	0
647	ComputeCell	7	20	0	0	0	0	0	0	0	0	0	0	0	0	0	0	0	0
648	ComputeCell	8	20	0	0	0	0	0	0	0	0	0	0	0	0	0	0	0	0
649	ComputeCell	9	20	0	0	0	0	0	0	0	0	0	0	0	0	0	0	0	0
650	ComputeCell	10	20	0	0	0	0	0	0	0	0	0	0	0	0	0	0	0	0
651	ComputeCell	11	20	0	0	0	0	0	0	0	0	0	0	0	0	0	0	0	0
652	ComputeCell	12	20	0	0	0	0	0	0	0	0	0	0	0	0	0	0	0	0
653	ComputeCell	13	20	0	0	0	0	0	0	0	0	0	0	0	0	0	0	0	0
654	ComputeCell	14	20	0	0	0	0	0	0	0	0	0	0	0	0	0	0	0	0
655	ComputeCell	15	20	0	0	0	0	0	0	0	0	0	0	0	0	0	0	0	0
656	ComputeCell	16	20	0	0	0	0	0	0	0	0	0	0	0	0	0	0	0	0
657	ComputeCell	17	20	0	0	0	0	0	0	0	0	0	0	0	0	0	0	0	0
658	ComputeCell	18	20	0	0	0	0	0	0	0	0	0	0	0	0	0	0	0	0
659	ComputeCell	19	20	0	0	0	0	0	0	0	0	0	0	0	0	0	0	0	0
660	ComputeCell	20	20	0	0	0	0	0	0	0	0	0	0	0	0	0	0	0	0
661	ComputeCell	21	20	0	0	0	0	0	0	0	0	0	0	0	0	0	0	0	0
662	ComputeCell	22	20	0	0	0	0	0	0	0	0	0	0	0	0	0	0	0	0
663	ComputeCell	23	20	0	0	0	0	0	0	0	0	0	0	0	0	0	0	0	0
664	ComputeCell	24	20	0	0	0	0	0	0	0	0	0	0	0	0	0	0	0	0
665	ComputeCell	25	20	0	0	0	0	0	0	0	0	0	0	0	0	0	0	0	0
666	ComputeCell	26	20	0	0	0	0	0	0	0	0	0	0	0	0	0	0	0	0
667	ComputeCell	27	20	0	0	0	0	0	0	0	0	0	0	0	0	0	0	0	0
668	ComputeCell	28	20	0	0	0	0	0	0	0	0	0	0	0	0	0	0	0	0
669	ComputeCell	29	20	0	0	0	0	0	0	0	0	0	0	0	0	0	0	0	0
670	ComputeCell	30	20	0	0	0	0	0	0	0	0	0	0	0	0	0	0	0	0
671	ComputeCell	31	20	0	0	0	0	0	0	0	0	0	0	0	0	0	0	0	0
672	ComputeCell	0	21	0	0	0	0	0	0	0	0	0	0	0	0	0	0	0	0
673	ComputeCell	1	21	0	0	0	0	0	0	0	0	0	0	0	0	0	0	0	0
674	ComputeCell	2	21	0	0	0	0	0	0	0	0	0	0	0	0	0	0	0	0
675	ComputeCell	3	21	0	0	0	0	0	0	0	0	0	0	0	0	0	0	0	0
676	ComputeCell	4	21	0	0	0	0	0	0	0	0	0	0	0	0	0	0	0	0
677	ComputeCell	5	21	0	0	0	0	0	0	0	0	0	0	0	0	0	0	0	0
678	ComputeCell	6	21	0	0	0	0	0	0	0	0	0	0	0	0	0	0	0	0
679	ComputeCell	7	21	0	0	0	0	0	0	0	0	0	0	0	0	0	0	0	0
680	ComputeCell	8	21	0	0	0	0	0	0	0	0	0	0	0	0	0	0	0	0
681	ComputeCell	9	21	0	0	0	0	0	0	0	0	0	0	0	0	0	0	0	0
682	ComputeCell	10	21	0	0	0	0	0	0	0	0	0	0	0	0	0	0	0	0
683	ComputeCell	11	21	0	0	0	0	0	0	0	0	0	0	0	0	0	0	0	0
684	ComputeCell	12	21	0	0	0	0	0	0	0	0	0	0	0	0	0	0	0	0
685	ComputeCell	13	21	0	0	0	0	0	0	0	0	0	0	0	0	0	0	0	0
686	ComputeCell	14	21	0	0	0	0	0	0	0	0	0	0	0	0	0	0	0	0
687	ComputeCell	15	21	0	0	0	0	0	0	0	0	0	0	0	0	0	0	0	0
688	ComputeCell	16	21	0	0	0	0	0	0	0	0	0	0	0	0	0	0	0	0
689	ComputeCell	17	21	0	0	0	0	0	0	0	0	0	0	0	0	0	0	0	0
690	ComputeCell	18	21	0	0	0	0	0	0	0	0	0	0	0	0	0	0	0	0
691	ComputeCell	19	21	0	0	0	0	0	0	0	0	0	0	0	0	0	0	0	0
692	ComputeCell	20	21	0	0	0	0	0	0	0	0	0	0	0	0	0	0	0	0
693	ComputeCell	21	21	0	0	0	0	0	0	0	0	0	0	0	0	0	0	0	0
694	ComputeCell	22	21	0	0	0	0	0	0	0	0	0	0	0	0	0	0	0	0
695	ComputeCell	23	21	0	0	0	0	0	0	0	0	0	0	0	0	0	0	0	0
696	ComputeCell	24	21	0	0	0	0	0	0	0	0	0	0	0	0	0	0	0	0
697	ComputeCell	25	21	0	0	0	0	0	0	0	0	0	0	0	0	0	0	0	0
698	ComputeCell	26	21	0	0	0	0	0	0	0	0	0	0	0	0	0	0	0	0
699	ComputeCell	27	21	0	0	0	0	0	0	0	0	0	0	0	0	0	0	0	0
700	ComputeCell	28	21	0	0	0	0	0	0	0	0	0	0	0	0	0	0	0	0
701	ComputeCell	29	21	0	0	0	0	0	0	0	0	0	0	0	0	0	0	0	0
702	ComputeCell	30	21	0	0	0	0	0	0	0	0	0	0	0	0	0	0	0	0
703	ComputeCell	31	21	0	0	0	0	0	0	0	0	0	0	0	0	0	0	0	0
704	ComputeCell	0	22	0	0	0	0	0	0	0	0	0	0	0	0	0	0	0	0
705	ComputeCell	1	22	0	0	0	0	0	0	0	0	0	0	0	0	0	0	0	0
706	ComputeCell	2	22	0	0	0	0	0	0	0	0	0	0	0	0	0	0	0	0
707	ComputeCell	3	22	0	0	0	0	0	0	0	0	0	0	0	0	0	0	0	0
708	ComputeCell	4	22	0	0	0	0	0	0	0	0	0	0	0	0	0	0	0	0
709	ComputeCell	5	22	0	0	0	0	0	0	0	0	0	0	0	0	0	0	0	0
710	ComputeCell	6	22	0	0	0	0	0	0	0	0	0	0	0	0	0	0	0	0
711	ComputeCell	7	22	0	0	0	0	0	0	0	0	0	0	0	0	0	0	0	0
712	ComputeCell	8	22	0	0	0	0	0	0	0	0	0	0	0	0	0	0	0	0
713	ComputeCell	9	22	0	0	0	0	0	0	0	0	0	0	0	0	0	0	0	0
714	ComputeCell	10	22	0	0	0	0	0	0	0	0	0	0	0	0	0	0	0	0
715	ComputeCell	11	22	0	0	0	0	0	0	0	0	0	0	0	0	0	0	0	0
716	ComputeCell	12	22	0	0	0	0	0	0	0	0	0	0	0	0	0	0	0	0
717	ComputeCell	13	22	0	0	0	0	0	0	0	0	0	0	0	0	0	0	0	0
718	ComputeCell	14	22	0	0	0	0	0	0	0	0	0	0	0	0	0	0	0	0
719	ComputeCell	15	22	0	0	0	0	0	0	0	0	0	0	0	0	0	0	0	0
720	ComputeCell	16	22	0	0	0	0	0	0	0	0	0	0	0	0	0	0	0	0
721	ComputeCell	17	22	0	0	0	0	0	0	0	0	0	0	0	0	0	0	0	0
722	ComputeCell	18	22	0	0	0	0	0	0	0	0	0	0	0	0	0	0	0	0
723	ComputeCell	19	22	0	0	0	0	0	0	0	0	0	0	0	0	0	0	0	0
724	ComputeCell	20	22	0	0	0	0	0	0	0	0	0	0	0	0	0	0	0	0
725	ComputeCell	21	22	0	0	0	0	0	0	0	0	0	0	0	0	0	0	0	0
726	ComputeCell	22	22	0	0	0	0	0	0	0	0	0	0	0	0	0	0	0	0
727	ComputeCell	23	22	0	0	0	0	0	0	0	0	0	0	0	0	0	0	0	0
728	ComputeCell	24	22	0	0	0	0	0	0	0	0	0	0	0	0	0	0	0	0
729	ComputeCell	25	22	0	0	0	0	0	0	0	0	0	0	0	0	0	0	0	0
730	ComputeCell	26	22	0	0	0	0	0	0	0	0	0	0	0	0	0	0	0	0
731	ComputeCell	27	22	0	0	0	0	0	0	0	0	0	0	0	0	0	0	0	0
732	ComputeCell	28	22	0	0	0	0	0	0	0	0	0	0	0	0	0	0	0	0
733	ComputeCell	29	22	0	0	0	0	0	0	0	0	0	0	0	0	0	0	0	0
734	ComputeCell	30	22	0	0	0	0	0	0	0	0	0	0	0	0	0	0	0	0
735	ComputeCell	31	22	0	0	0	0	0	0	0	0	0	0	0	0	0	0	0	0
736	ComputeCell	0	23	0	0	0	0	0	0	0	0	0	0	0	0	0	0	0	0
737	ComputeCell	1	23	0	0	0	0	0	0	0	0	0	0	0	0	0	0	0	0
738	ComputeCell	2	23	0	0	0	0	0	0	0	0	0	0	0	0	0	0	0	0
739	ComputeCell	3	23	0	0	0	0	0	0	0	0	0	0	0	0	0	0	0	0
740	ComputeCell	4	23	0	0	0	0	0	0	0	0	0	0	0	0	0	0	0	0
741	ComputeCell	5	23	0	0	0	0	0	0	0	0	0	0	0	0	0	0	0	0
742	ComputeCell	6	23	0	0	0	0	0	0	0	0	0	0	0	0	0	0	0	0
743	ComputeCell	7	23	0	0	0	0	0	0	0	0	0	0	0	0	0	0	0	0
744	ComputeCell	8	23	0	0	0	0	0	0	0	0	0	0	0	0	0	0	0	0
745	ComputeCell	9	23	0	0	0	0	0	0	0	0	0	0	0	0	0	0	0	0
746	ComputeCell	10	23	0	0	0	0	0	0	0	0	0	0	0	0	0	0	0	0
747	ComputeCell	11	23	0	0	0	0	0	0	0	0	0	0	0	0	0	0	0	0
748	ComputeCell	12	23	0	0	0	0	0	0	0	0	0	0	0	0	0	0	0	0
749	ComputeCell	13	23	0	0	0	0	0	0	0	0	0	0	0	0	0	0	0	0
750	ComputeCell	14	23	0	0	0	0	0	0	0	0	0	0	0	0	0	0	0	0
751	ComputeCell	15	23	0	0	0	0	0	0	0	0	0	0	0	0	0	0	0	0
752	ComputeCell	16	23	0	0	0	0	0	0	0	0	0	0	0	0	0	0	0	0
753	ComputeCell	17	23	0	0	0	0	0	0	0	0	0	0	0	0	0	0	0	0
754	ComputeCell	18	23	0	0	0	0	0	0	0	0	0	0	0	0	0	0	0	0
755	ComputeCell	19	23	0	0	0	0	0	0	0	0	0	0	0	0	0	0	0	0
756	ComputeCell	20	23	0	0	0	0	0	0	0	0	0	0	0	0	0	0	0	0
757	ComputeCell	21	23	0	0	0	0	0	0	0	0	0	0	0	0	0	0	0	0
758	ComputeCell	22	23	0	0	0	0	0	0	0	0	0	0	0	0	0	0	0	0
759	ComputeCell	23	23	0	0	0	0	0	0	0	0	0	0	0	0	0	0	0	0
760	ComputeCell	24	23	0	0	0	0	0	0	0	0	0	0	0	0	0	0	0	0
761	ComputeCell	25	23	0	0	0	0	0	0	0	0	0	0	0	0	0	0	0	0
762	ComputeCell	26	23	0	0	0	0	0	0	0	0	0	0	0	0	0	0	0	0
763	ComputeCell	27	23	0	0	0	0	0	0	0	0	0	0	0	0	0	0	0	0
764	ComputeCell	28	23	0	0	0	0	0	0	0	0	0	0	0	0	0	0	0	0
765	ComputeCell	29	23	0	0	0	0	0	0	0	0	0	0	0	0	0	0	0	0
766	ComputeCell	30	23	0	0	0	0	0	0	0	0	0	0	0	0	0	0	0	0
767	ComputeCell	31	23	0	0	0	0	0	0	0	0	0	0	0	0	0	0	0	0
768	ComputeCell	0	24	0	0	0	0	0	0	0	0	0	0	0	0	0	0	0	0
769	ComputeCell	1	24	0	0	0	0	0	0	0	0	0	0	0	0	0	0	0	0
770	ComputeCell	2	24	0	0	0	0	0	0	0	0	0	0	0	0	0	0	0	0
771	ComputeCell	3	24	0	0	0	0	0	0	0	0	0	0	0	0	0	0	0	0
772	ComputeCell	4	24	0	0	0	0	0	0	0	0	0	0	0	0	0	0	0	0
773	ComputeCell	5	24	0	0	0	0	0	0	0	0	0	0	0	0	0	0	0	0
774	ComputeCell	6	24	0	0	0	0	0	0	0	0	0	0	0	0	0	0	0	0
775	ComputeCell	7	24	0	0	0	0	0	0	0	0	0	0	0	0	0	0	0	0
776	ComputeCell	8	24	0	0	0	0	0	0	0	0	0	0	0	0	0	0	0	0
777	ComputeCell	9	24	0	0	0	0	0	0	0	0	0	0	0	0	0	0	0	0
778	ComputeCell	10	24	0	0	0	0	0	0	0	0	0	0	0	0	0	0	0	0
779	ComputeCell	11	24	0	0	0	0	0	0	0	0	0	0	0	0	0	0	0	0
780	ComputeCell	12	24	0	0	0	0	0	0	0	0	0	0	0	0	0	0	0	0
781	ComputeCell	13	24	0	0	0	0	0	0	0	0	0	0	0	0	0	0	0	0
782	ComputeCell	14	24	0	0	0	0	0	0	0	0	0	0	0	0	0	0	0	0
783	ComputeCell	15	24	0	0	0	0	0	0	0	0	0	0	0	0	0	0	0	0
784	ComputeCell	16	24	0	0	0	0	0	0	0	0	0	0	0	0	0	0	0	0
785	ComputeCell	17	24	0	0	0	0	0	0	0	0	0	0	0	0	0	0	0	0
786	ComputeCell	18	24	0	0	0	0	0	0	0	0	0	0	0	0	0	0	0	0
787	ComputeCell	19	24	0	0	0	0	0	0	0	0	0	0	0	0	0	0	0	0
788	ComputeCell	20	24	0	0	0	0	0	0	0	0	0	0	0	0	0	0	0	0
789	ComputeCell	21	24	0	0	0	0	0	0	0	0	0	0	0	0	0	0	0	0
790	ComputeCell	22	24	0	0	0	0	0	0	0	0	0	0	0	0	0	0	0	0
791	ComputeCell	23	24	0	0	0	0	0	0	0	0	0	0	0	0	0	0	0	0
792	ComputeCell	24	24	0	0	0	0	0	0	0	0	0	0	0	0	0	0	0	0
793	ComputeCell	25	24	0	0	0	0	0	0	0	0	0	0	0	0	0	0	0	0
794	ComputeCell	26	24	0	0	0	0	0	0	0	0	0	0	0	0	0	0	0	0
795	ComputeCell	27	24	0	0	0	0	0	0	0	0	0	0	0	0	0	0	0	0
796	ComputeCell	28	24	0	0	0	0	0	0	0	0	0	0	0	0	0	0	0	0
797	ComputeCell	29	24	0	0	0	0	0	0	0	0	0	0	0	0	0	0	0	0
798	ComputeCell	30	24	0	0	0	0	0	0	0	0	0	0	0	0	0	0	0	0
799	ComputeCell	31	24	0	0	0	0	0	0	0	0	0	0	0	0	0	0	0	0
800	ComputeCell	0	25	0	0	0	0	0	0	0	0	0	0	0	0	0	0	0	0
801	ComputeCell	1	25	0	0	0	0	0	0	0	0	0	0	0	0	0	0	0	0
802	ComputeCell	2	25	0	0	0	0	0	0	0	0	0	0	0	0	0	0	0	0
803	ComputeCell	3	25	0	0	0	0	0	0	0	0	0	0	0	0	0	0	0	0
804	ComputeCell	4	25	0	0	0	0	0	0	0	0	0	0	0	0	0	0	0	0
805	ComputeCell	5	25	0	0	0	0	0	0	0	0	0	0	0	0	0	0	0	0
806	ComputeCell	6	25	0	0	0	0	0	0	0	0	0	0	0	0	0	0	0	0
807	ComputeCell	7	25	0	0	0	0	0	0	0	0	0	0	0	0	0	0	0	0
808	ComputeCell	8	25	0	0	0	0	0	0	0	0	0	0	0	0	0	0	0	0
809	ComputeCell	9	25	0	0	0	0	0	0	0	0	0	0	0	0	0	0	0	0
810	ComputeCell	10	25	0	0	0	0	0	0	0	0	0	0	0	0	0	0	0	0
811	ComputeCell	11	25	0	0	0	0	0	0	0	0	0	0	0	0	0	0	0	0
812	ComputeCell	12	25	0	0	0	0	0	0	0	0	0	0	0	0	0	0	0	0
813	ComputeCell	13	25	0	0	0	0	0	0	0	0	0	0	0	0	0	0	0	0
814	ComputeCell	14	25	0	0	0	0	0	0	0	0	0	0	0	0	0	0	0	0
815	ComputeCell	15	25	0	0	0	0	0	0	0	0	0	0	0	0	0	0	0	0
816	ComputeCell	16	25	0	0	0	0	0	0	0	0	0	0	0	0	0	0	0	0
817	ComputeCell	17	25	0	0	0	0	0	0	0	0	0	0	0	0	0	0	0	0
818	ComputeCell	18	25	0	0	0	0	0	0	0	0	0	0	0	0	0	0	0	0
819	ComputeCell	19	25	0	0	0	0	0	0	0	0	0	0	0	0	0	0	0	0
820	ComputeCell	20	25	0	0	0	0	0	0	0	0	0	0	0	0	0	0	0	0
821	ComputeCell	21	25	0	0	0	0	0	0	0	0	0	0	0	0	0	0	0	0
822	ComputeCell	22	25	0	0	0	0	0	0	0	0	0	0	0	0	0	0	0	0
823	ComputeCell	23	25	0	0	0	0	0	0	0	0	0	0	0	0	0	0	0	0
824	ComputeCell	24	25	0	0	0	0	0	0	0	0	0	0	0	0	0	0	0	0
825	ComputeCell	25	25	0	0	0	0	0	0	0	0	0	0	0	0	0	0	0	0
826	ComputeCell	26	25	0	0	0	0	0	0	0	0	0	0	0	0	0	0	0	0
827	ComputeCell	27	25	0	0	0	0	0	0	0	0	0	0	0	0	0	0	0	0
828	ComputeCell	28	25	0	0	0	0	0	0	0	0	0	0	0	0	0	0	0	0
829	ComputeCell	29	25	0	0	0	0	0	0	0	0	0	0	0	0	0	0	0	0
830	ComputeCell	30	25	0	0	0	0	0	0	0	0	0	0	0	0	0	0	0	0
831	ComputeCell	31	25	0	0	0	0	0	0	0	0	0	0	0	0	0	0	0	0
832	ComputeCell	0	26	0	0	0	0	0	0	0	0	0	0	0	0	0	0	0	0
833	ComputeCell	1	26	0	0	0	0	0	0	0	0	0	0	0	0	0	0	0	0
834	ComputeCell	2	26	0	0	0	0	0	0	0	0	0	0	0	0	0	0	0	0
835	ComputeCell	3	26	0	0	0	0	0	0	0	0	0	0	0	0	0	0	0	0
836	ComputeCell	4	26	0	0	0	0	0	0	0	0	0	0	0	0	0	0	0	0
837	ComputeCell	5	26	0	0	0	0	0	0	0	0	0	0	0	0	0	0	0	0
838	ComputeCell	6	26	0	0	0	0	0	0	0	0	0	0	0	0	0	0	0	0
839	ComputeCell	7	26	0	0	0	0	0	0	0	0	0	0	0	0	0	0	0	0
840	ComputeCell	8	26	0	0	0	0	0	0	0	0	0	0	0	0	0	0	0	0
841	ComputeCell	9	26	0	0	0	0	0	0	0	0	0	0	0	0	0	0	0	0
842	ComputeCell	10	26	0	0	0	0	0	0	0	0	0	0	0	0	0	0	0	0
843	ComputeCell	11	26	0	0	0	0	0	0	0	0	0	0	0	0	0	0	0	0
844	ComputeCell	12	26	0	0	0	0	0	0	0	0	0	0	0	0	0	0	0	0
845	ComputeCell	13	26	0	0	0	0	0	0	0	0	0	0	0	0	0	0	0	0
846	ComputeCell	14	26	0	0	0	0	0	0	0	0	0	0	0	0	0	0	0	0
847	ComputeCell	15	26	0	0	0	0	0	0	0	0	0	0	0	0	0	0	0	0
848	ComputeCell	16	26	0	0	0	0	0	0	0	0	0	0	0	0	0	0	0	0
849	ComputeCell	17	26	0	0	0	0	0	0	0	0	0	0	0	0	0	0	0	0
850	ComputeCell	18	26	0	0	0	0	0	0	0	0	0	0	0	0	0	0	0	0
851	ComputeCell	19	26	0	0	0	0	0	0	0	0	0	0	0	0	0	0	0	0
852	ComputeCell	20	26	0	0	0	0	0	0	0	0	0	0	0	0	0	0	0	0
853	ComputeCell	21	26	0	0	0	0	0	0	0	0	0	0	0	0	0	0	0	0
854	ComputeCell	22	26	0	0	0	0	0	0	0	0	0	0	0	0	0	0	0	0
855	ComputeCell	23	26	0	0	0	0	0	0	0	0	0	0	0	0	0	0	0	0
856	ComputeCell	24	26	0	0	0	0	0	0	0	0	0	0	0	0	0	0	0	0
857	ComputeCell	25	26	0	0	0	0	0	0	0	0	0	0	0	0	0	0	0	0
858	ComputeCell	26	26	0	0	0	0	0	0	0	0	0	0	0	0	0	0	0	0
859	ComputeCell	27	26	0	0	0	0	0	0	0	0	0	0	0	0	0	0	0	0
860	ComputeCell	28	26	0	0	0	0	0	0	0	0	0	0	0	0	0	0	0	0
861	ComputeCell	29	26	0	0	0	0	0	0	0	0	0	0	0	0	0	0	0	0
862	ComputeCell	30	26	0	0	0	0	0	0	0	0	0	0	0	0	0	0	0	0
863	ComputeCell	31	26	0	0	0	0	0	0	0	0	0	0	0	0	0	0	0	0
864	ComputeCell	0	27	0	0	0	0	0	0	0	0	0	0	0	0	0	0	0	0
865	ComputeCell	1	27	0	0	0	0	0	0	0	0	0	0	0	0	0	0	0	0
866	ComputeCell	2	27	0	0	0	0	0	0	0	0	0	0	0	0	0	0	0	0
867	ComputeCell	3	27	0	0	0	0	0	0	0	0	0	0	0	0	0	0	0	0
868	ComputeCell	4	27	0	0	0	0	0	0	0	0	0	0	0	0	0	0	0	0
869	ComputeCell	5	27	0	0	0	0	0	0	0	0	0	0	0	0	0	0	0	0
870	ComputeCell	6	27	0	0	0	0	0	0	0	0	0	0	0	0	0	0	0	0
871	ComputeCell	7	27	0	0	0	0	0	0	0	0	0	0	0	0	0	0	0	0
872	ComputeCell	8	27	0	0	0	0	0	0	0	0	0	0	0	0	0	0	0	0
873	ComputeCell	9	27	0	0	0	0	0	0	0	0	0	0	0	0	0	0	0	0
874	ComputeCell	10	27	0	0	0	0	0	0	0	0	0	0	0	0	0	0	0	0
875	ComputeCell	11	27	0	0	0	0	0	0	0	0	0	0	0	0	0	0	0	0
876	ComputeCell	12	27	0	0	0	0	0	0	0	0	0	0	0	0	0	0	0	0
877	ComputeCell	13	27	0	0	0	0	0	0	0	0	0	0	0	0	0	0	0	0
878	ComputeCell	14	27	0	0	0	0	0	0	0	0	0	0	0	0	0	0	0	0
879	ComputeCell	15	27	0	0	0	0	0	0	0	0	0	0	0	0	0	0	0	0
880	ComputeCell	16	27	0	0	0	0	0	0	0	0	0	0	0	0	0	0	0	0
881	ComputeCell	17	27	0	0	0	0	0	0	0	0	0	0	0	0	0	0	0	0
882	ComputeCell	18	27	0	0	0	0	0	0	0	0	0	0	0	0	0	0	0	0
883	ComputeCell	19	27	0	0	0	0	0	0	0	0	0	0	0	0	0	0	0	0
884	ComputeCell	20	27	0	0	0	0	0	0	0	0	0	0	0	0	0	0	0	0
885	ComputeCell	21	27	0	0	0	0	0	0	0	0	0	0	0	0	0	0	0	0
886	ComputeCell	22	27	0	0	0	0	0	0	0	0	0	0	0	0	0	0	0	0
887	ComputeCell	23	27	0	0	0	0	0	0	0	0	0	0	0	0	0	0	0	0
888	ComputeCell	24	27	0	0	0	0	0	0	0	0	0	0	0	0	0	0	0	0
889	ComputeCell	25	27	0	0	0	0	0	0	0	0	0	0	0	0	0	0	0	0
890	ComputeCell	26	27	0	0	0	0	0	0	0	0	0	0	0	0	0	0	0	0
891	ComputeCell	27	27	0	0	0	0	0	0	0	0	0	0	0	0	0	0	0	0
892	ComputeCell	28	27	0	0	0	0	0	0	0	0	0	0	0	0	0	0	0	0
893	ComputeCell	29	27	0	0	0	0	0	0	0	0	0	0	0	0	0	0	0	0
894	ComputeCell	30	27	0	0	0	0	0	0	0	0	0	0	0	0	0	0	0	0
895	ComputeCell	31	27	0	0	0	0	0	0	0	0	0	0	0	0	0	0	0	0
896	ComputeCell	0	28	0	0	0	0	0	0	0	0	0	0	0	0	0	0	0	0
897	ComputeCell	1	28	0	0	0	0	0	0	0	0	0	0	0	0	0	0	0	0
898	ComputeCell	2	28	0	0	0	0	0	0	0	0	0	0	0	0	0	0	0	0
899	ComputeCell	3	28	0	0	0	0	0	0	0	0	0	0	0	0	0	0	0	0
900	ComputeCell	4	28	0	0	0	0	0	0	0	0	0	0	0	0	0	0	0	0
901	ComputeCell	5	28	0	0	0	0	0	0	0	0	0	0	0	0	0	0	0	0
902	ComputeCell	6	28	0	0	0	0	0	0	0	0	0	0	0	0	0	0	0	0
903	ComputeCell	7	28	0	0	0	0	0	0	0	0	0	0	0	0	0	0	0	0
904	ComputeCell	8	28	0	0	0	0	0	0	0	0	0	0	0	0	0	0	0	0
905	ComputeCell	9	28	0	0	0	0	0	0	0	0	0	0	0	0	0	0	0	0
906	ComputeCell	10	28	0	0	0	0	0	0	0	0	0	0	0	0	0	0	0	0
907	ComputeCell	11	28	0	0	0	0	0	0	0	0	0	0	0	0	0	0	0	0
908	ComputeCell	12	28	0	0	0	0	0	0	0	0	0	0	0	0	0	0	0	0
909	ComputeCell	13	28	0	0	0	0	0	0	0	0	0	0	0	0	0	0	0	0
910	ComputeCell	14	28	0	0	0	0	0	0	0	0	0	0	0	0	0	0	0	0
911	ComputeCell	15	28	0	0	0	0	0	0	0	0	0	0	0	0	0	0	0	0
912	ComputeCell	16	28	0	0	0	0	0	0	0	0	0	0	0	0	0	0	0	0
913	ComputeCell	17	28	0	0	0	0	0	0	0	0	0	0	0	0	0	0	0	0
914	ComputeCell	18	28	0	0	0	0	0	0	0	0	0	0	0	0	0	0	0	0
915	ComputeCell	19	28	0	0	0	0	0	0	0	0	0	0	0	0	0	0	0	0
916	ComputeCell	20	28	0	0	0	0	0	0	0	0	0	0	0	0	0	0	0	0
917	ComputeCell	21	28	0	0	0	0	0	0	0	0	0	0	0	0	0	0	0	0
918	ComputeCell	22	28	0	0	0	0	0	0	0	0	0	0	0	0	0	0	0	0
919	ComputeCell	23	28	0	0	0	0	0	0	0	0	0	0	0	0	0	0	0	0
920	ComputeCell	24	28	0	0	0	0	0	0	0	0	0	0	0	0	0	0	0	0
921	ComputeCell	25	28	0	0	0	0	0	0	0	0	0	0	0	0	0	0	0	0
922	ComputeCell	26	28	0	0	0	0	0	0	0	0	0	0	0	0	0	0	0	0
923	ComputeCell	27	28	0	0	0	0	0	0	0	0	0	0	0	0	0	0	0	0
924	ComputeCell	28	28	0	0	0	0	0	0	0	0	0	0	0	0	0	0	0	0
925	ComputeCell	29	28	0	0	0	0	0	0	0	0	0	0	0	0	0	0	0	0
926	ComputeCell	30	28	0	0	0	0	0	0	0	0	0	0	0	0	0	0	0	0
927	ComputeCell	31	28	0	0	0	0	0	0	0	0	0	0	0	0	0	0	0	0
928	ComputeCell	0	29	0	0	0	0	0	0	0	0	0	0	0	0	0	0	0	0
929	ComputeCell	1	29	0	0	0	0	0	0	0	0	0	0	0	0	0	0	0	0
930	ComputeCell	2	29	0	0	0	0	0	0	0	0	0	0	0	0	0	0	0	0
931	ComputeCell	3	29	0	0	0	0	0	0	0	0	0	0	0	0	0	0	0	0
932	ComputeCell	4	29	0	0	0	0	0	0	0	0	0	0	0	0	0	0	0	0
933	ComputeCell	5	29	0	0	0	0	0	0	0	0	0	0	0	0	0	0	0	0
934	ComputeCell	6	29	0	0	0	0	0	0	0	0	0	0	0	0	0	0	0	0
935	ComputeCell	7	29	0	0	0	0	0	0	0	0	0	0	0	0	0	0	0	0
936	ComputeCell	8	29	0	0	0	0	0	0	0	0	0	0	0	0	0	0	0	0
937	ComputeCell	9	29	0	0	0	0	0	0	0	0	0	0	0	0	0	0	0	0
938	ComputeCell	10	29	0	0	0	0	0	0	0	0	0	0	0	0	0	0	0	0
939	ComputeCell	11	29	0	0	0	0	0	0	0	0	0	0	0	0	0	0	0	0
940	ComputeCell	12	29	0	0	0	0	0	0	0	0	0	0	0	0	0	0	0	0
941	ComputeCell	13	29	0	0	0	0	0	0	0	0	0	0	0	0	0	0	0	0
942	ComputeCell	14	29	0	0	0	0	0	0	0	0	0	0	0	0	0	0	0	0
943	ComputeCell	15	29	0	0	0	0	0	0	0	0	0	0	0	0	0	0	0	0
944	ComputeCell	16	29	0	0	0	0	0	0	0	0	0	0	0	0	0	0	0	0
945	ComputeCell	17	29	0	0	0	0	0	0	0	0	0	0	0	0	0	0	0	0
946	ComputeCell	18	29	0	0	0	0	0	0	0	0	0	0	0	0	0	0	0	0
947	ComputeCell	19	29	0	0	0	0	0	0	0	0	0	0	0	0	0	0	0	0
948	ComputeCell	20	29	0	0	0	0	0	0	0	0	0	0	0	0	0	0	0	0
949	ComputeCell	21	29	0	0	0	0	0	0	0	0	0	0	0	0	0	0	0	0
950	ComputeCell	22	29	0	0	0	0	0	0	0	0	0	0	0	0	0	0	0	0
951	ComputeCell	23	29	0	0	0	0	0	0	0	0	0	0	0	0	0	0	0	0
952	ComputeCell	24	29	0	0	0	0	0	0	0	0	0	0	0	0	0	0	0	0
953	ComputeCell	25	29	0	0	0	0	0	0	0	0	0	0	0	0	0	0	0	0
954	ComputeCell	26	29	0	0	0	0	0	0	0	0	0	0	0	0	0	0	0	0
955	ComputeCell	27	29	0	0	0	0	0	0	0	0	0	0	0	0	0	0	0	0
956	ComputeCell	28	29	0	0	0	0	0	0	0	0	0	0	0	0	0	0	0	0
957	ComputeCell	29	29	0	0	0	0	0	0	0	0	0	0	0	0	0	0	0	0
958	ComputeCell	30	29	0	0	0	0	0	0	0	0	0	0	0	0	0	0	0	0
959	ComputeCell	31	29	0	0	0	0	0	0	0	0	0	0	0	0	0	0	0	0
960	ComputeCell	0	30	0	0	0	0	0	0	0	0	0	0	0	0	0	0	0	0
961	ComputeCell	1	30	0	0	0	0	0	0	0	0	0	0	0	0	0	0	0	0
962	ComputeCell	2	30	0	0	0	0	0	0	0	0	0	0	0	0	0	0	0	0
963	ComputeCell	3	30	0	0	0	0	0	0	0	0	0	0	0	0	0	0	0	0
964	ComputeCell	4	30	0	0	0	0	0	0	0	0	0	0	0	0	0	0	0	0
965	ComputeCell	5	30	0	0	0	0	0	0	0	0	0	0	0	0	0	0	0	0
966	ComputeCell	6	30	0	0	0	0	0	0	0	0	0	0	0	0	0	0	0	0
967	ComputeCell	7	30	0	0	0	0	0	0	0	0	0	0	0	0	0	0	0	0
968	ComputeCell	8	30	0	0	0	0	0	0	0	0	0	0	0	0	0	0	0	0
969	ComputeCell	9	30	0	0	0	0	0	0	0	0	0	0	0	0	0	0	0	0
970	ComputeCell	10	30	0	0	0	0	0	0	0	0	0	0	0	0	0	0	0	0
971	ComputeCell	11	30	0	0	0	0	0	0	0	0	0	0	0	0	0	0	0	0
972	ComputeCell	12	30	0	0	0	0	0	0	0	0	0	0	0	0	0	0	0	0
973	ComputeCell	13	30	0	0	0	0	0	0	0	0	0	0	0	0	0	0	0	0
974	ComputeCell	14	30	0	0	0	0	0	0	0	0	0	0	0	0	0	0	0	0
975	ComputeCell	15	30	0	0	0	0	0	0	0	0	0	0	0	0	0	0	0	0
976	ComputeCell	16	30	0	0	0	0	0	0	0	0	0	0	0	0	0	0	0	0
977	ComputeCell	17	30	0	0	0	0	0	0	0	0	0	0	0	0	0	0	0	0
978	ComputeCell	18	30	0	0	0	0	0	0	0	0	0	0	0	0	0	0	0	0
979	ComputeCell	19	30	0	0	0	0	0	0	0	0	0	0	0	0	0	0	0	0
980	ComputeCell	20	30	0	0	0	0	0	0	0	0	0	0	0	0	0	0	0	0
981	ComputeCell	21	30	0	0	0	0	0	0	0	0	0	0	0	0	0	0	0	0
982	ComputeCell	22	30	0	0	0	0	0	0	0	0	0	0	0	0	0	0	0	0
983	ComputeCell	23	30	0	0	0	0	0	0	0	0	0	0	0	0	0	0	0	0
984	ComputeCell	24	30	0	0	0	0	0	0	0	0	0	0	0	0	0	0	0	0
985	ComputeCell	25	30	0	0	0	0	0	0	0	0	0	0	0	0	0	0	0	0
986	ComputeCell	26	30	0	0	0	0	0	0	0	0	0	0	0	0	0	0	0	0
987	ComputeCell	27	30	0	0	0	0	0	0	0	0	0	0	0	0	0	0	0	0
988	ComputeCell	28	30	0	0	0	0	0	0	0	0	0	0	0	0	0	0	0	0
989	ComputeCell	29	30	0	0	0	0	0	0	0	0	0	0	0	0	0	0	0	0
990	ComputeCell	30	30	0	0	0	0	0	0	0	0	0	0	0	0	0	0	0	0
991	ComputeCell	31	30	0	0	0	0	0	0	0	0	0	0	0	0	0	0	0	0
992	ComputeCell	0	31	0	0	0	0	0	0	0	0	0	0	0	0	0	0	0	0
993	ComputeCell	1	31	0	0	0	0	0	0	0	0	0	0	0	0	0	0	0	0
994	ComputeCell	2	31	0	0	0	0	0	0	0	0	0	0	0	0	0	0	0	0
995	ComputeCell	3	31	0	0	0	0	0	0	0	0	0	0	0	0	0	0	0	0
996	ComputeCell	4	31	0	0	0	0	0	0	0	0	0	0	0	0	0	0	0	0
997	ComputeCell	5	31	0	0	0	0	0	0	0	0	0	0	0	0	0	0	0	0
998	ComputeCell	6	31	0	0	0	0	0	0	0	0	0	0	0	0	0	0	0	0
999	ComputeCell	7	31	0	0	0	0	0	0	0	0	0	0	0	0	0	0	0	0
1000	ComputeCell	8	31	0	0	0	0	0	0	0	0	0	0	0	0	0	0	0	0
1001	ComputeCell	9	31	0	0	0	0	0	0	0	0	0	0	0	0	0	0	0	0
1002	ComputeCell	10	31	0	0	0	0	0	0	0	0	0	0	0	0	0	0	0	0
1003	ComputeCell	11	31	0	0	0	0	0	0	0	0	0	0	0	0	0	0	0	0
1004	ComputeCell	12	31	0	0	0	0	0	0	0	0	0	0	0	0	0	0	0	0
1005	ComputeCell	13	31	0	0	0	0	0	0	0	0	0	0	0	0	0	0	0	0
1006	ComputeCell	14	31	0	0	0	0	0	0	0	0	0	0	0	0	0	0	0	0
1007	ComputeCell	15	31	0	0	0	0	0	0	0	0	0	0	0	0	0	0	0	0
1008	ComputeCell	16	31	0	0	0	0	0	0	0	0	0	0	0	0	0	0	0	0
1009	ComputeCell	17	31	0	0	0	0	0	0	0	0	0	0	0	0	0	0	0	0
1010	ComputeCell	18	31	0	0	0	0	0	0	0	0	0	0	0	0	0	0	0	0
1011	ComputeCell	19	31	0	0	0	0	0	0	0	0	0	0	0	0	0	0	0	0
1012	ComputeCell	20	31	0	0	0	0	0	0	0	0	0	0	0	0	0	0	0	0
1013	ComputeCell	21	31	0	0	0	0	0	0	0	0	0	0	0	0	0	0	0	0
1014	ComputeCell	22	31	0	0	0	0	0	0	0	0	0	0	0	0	0	0	0	0
1015	ComputeCell	23	31	0	0	0	0	0	0	0	0	0	0	0	0	0	0	0	0
1016	ComputeCell	24	31	0	0	0	0	0	0	0	0	0	0	0	0	0	0	0	0
1017	ComputeCell	25	31	0	0	0	0	0	0	0	0	0	0	0	0	0	0	0	0
1018	ComputeCell	26	31	0	0	0	0	0	0	0	0	0	0	0	0	0	0	0	0
1019	ComputeCell	27	31	0	0	0	0	0	0	0	0	0	0	0	0	0	0	0	0
1020	ComputeCell	28	31	0	0	0	0	0	0	0	0	0	0	0	0	0	0	0	0
1021	ComputeCell	29	31	0	0	0	0	0	0	0	0	0	0	0	0	0	0	0	0
1022	ComputeCell	30	31	0	0	0	0	0	0	0	0	0	0	0	0	0	0	0	0
1023	ComputeCell	31	31	0	0	0	0	0	0	0	0	0	0	0	0	0	0	0	0